[
  0,
  9765051,
  11075739,
  11075830,
  11796664,
  12648601,
  13041902,
  15466732,
  15532221,
  12255563,
  5440104,
  5571235,
  5571264,
  6160968,
  9306871,
  7799737,
  10552167,
  12321588,
  12387174,
  12518273,
  15860632,
  16712548,
  3998824,
  7013482,
  7341310,
  8520769,
  9045142,
  1836412,
  4261192,
  4392447,
  7538070,
  10290500,
  10945922,
  12453142,
  3802814,
  5506689,
  460668,
  8652644,
  8063441,
  16714044,
  3738239,
  7146111,
  8718974,
  8784402,
  4066457,
  1183231,
  1250498,
  3938153,
  16717584,
  4069444,
  12262203,
  269436,
  1842299,
  8461373,
  10230845,
  12393742,
  6692924,
  8070076,
  8725516,
  11609213,
  3942466,
  6564872,
  8793216,
  3812736,
  4009320,
  4403199,
  12398432,
  7811318,
  3945407,
  7025514,
  734463,
  16201074,
  10696803,
  12204055,
  12335106,
  276863,
  1849727,
  5454208,
  6306075,
  7092611,
  8272281,
  8468816,
  8730986,
  12007747,
  12269868,
  3816095,
  8403515,
  10238528,
  605119,
  1850217,
  11221883,
  343145,
  7814334,
  867740,
  3882319,
  6307130,
  1916484,
  3686015,
  3882599,
  4013634,
  5521054,
  4013885,
  4079409,
  8667008,
  4145180,
  8208408,
  410440,
  4408070,
  6243332,
  10241041,
  16729144,
  16729606,
  8014336,
  610173,
  12407301,
  10244925,
  12276536,
  87229,
  8475965,
  546559,
  4085378,
  3102586,
  4020281,
  5987071,
  3365887,
  351335,
  8215795,
  220567,
  8347071,
  12475765,
  3497662,
  8151168,
  6447554,
  7758489,
  3957531,
  5268225,
  6578947,
  615550,
  681028,
  4088836,
  7300969,
  157884,
  6711610,
  8088068,
  3894072,
  8481599,
  2125323,
  15822451,
  12415234,
  12219159,
  12416552,
  11958078,
  10123576,
  16218427,
  2849409,
  16218630,
  556024,
  8354606,
  9992972,
  3701915,
  4095103,
  3439976,
  3702259,
  5930481,
  8093165,
  4292103,
  8224447,
  3047356,
  6062016,
  8290060,
  8290175,
  8290197,
  8421186,
  10190719,
  12812149,
  229568,
  557158,
  753789,
  2326589,
  4096066,
  5734457,
  8487015,
  164272,
  426391,
  4030767,
  6193542,
  6848826,
  557637,
  2392589,
  754449,
  6653190,
  12158469,
  9803009,
  8296001,
  15898368,
  8361996,
  8362541,
  12425729,
  8297343,
  40122,
  7904617,
  40605,
  237159,
  1941053,
  4365838,
  237382,
  2334589,
  3972985,
  4169534,
  6463293,
  368770,
  42995,
  46260,
  3783539,
  244839,
  11975681,
  113996,
  179587,
  245046,
  2014524,
  4046136,
  507414,
  2276980,
  4046345,
  6471223,
  8306243,
  8371717,
  8371751,
  10337793,
  13549057,
  16236032,
  49051,
  2342670,
  6340615,
  8045182,
  7914341,
  57584,
  59841,
  15723776,
  8188530,
  12776192,
  8385543,
  8254775,
  3668079,
  10024960,
  63892,
  6027891,
  524127,
  1113920,
  1507088,
  4063032,
  4259590,
  6291261,
  6487813,
  16777215,
  0
]


[
  [
    43,
    43,
    58,
    58,
    148,
    148,
    136,
    142,
    102,
    60,
    49,
    49,
    22,
    23,
    37,
    31,
    58,
    109,
    109,
    109,
    191,
    191,
    190,
    186,
    102,
    102,
    60,
    49,
    10,
    23,
    16,
    54,
    109,
    109,
    158,
    158,
    229,
    228,
    190,
    209,
    122,
    102,
    102,
    60,
    10,
    23,
    72,
    54,
    109,
    158,
    158,
    158,
    229,
    228,
    233,
    224,
    144,
    122,
    102,
    102,
    64,
    69,
    72,
    87,
    108,
    108,
    136,
    136,
    192,
    195,
    204,
    208,
    209,
    209,
    186,
    186,
    140,
    129,
    129,
    151,
    107,
    108,
    135,
    135,
    195,
    190,
    188,
    203,
    208,
    208,
    184,
    184,
    140,
    140,
    129,
    151,
    107,
    107,
    139,
    139,
    190,
    204,
    189,
    205,
    205,
    205,
    187,
    187,
    137,
    161,
    140,
    142,
    104,
    104,
    134,
    134,
    209,
    208,
    205,
    205,
    202,
    202,
    176,
    176,
    127,
    159,
    133,
    131,
    140,
    181,
    235,
    235,
    207,
    206,
    202,
    210,
    201,
    183,
    127,
    127,
    89,
    89,
    98,
    94,
    140,
    140,
    200,
    200,
    161,
    176,
    176,
    183,
    183,
    183,
    127,
    93,
    89,
    89,
    64,
    60,
    69,
    140,
    181,
    181,
    161,
    125,
    125,
    127,
    183,
    127,
    127,
    93,
    52,
    52,
    47,
    49,
    23,
    69,
    140,
    140,
    98,
    89,
    91,
    93,
    183,
    127,
    93,
    51,
    52,
    52,
    47,
    49,
    25,
    53,
    86,
    118,
    101,
    101,
    96,
    96,
    130,
    130,
    88,
    46,
    44,
    44,
    11,
    35,
    25,
    53,
    86,
    118,
    95,
    101,
    96,
    96,
    130,
    130,
    68,
    34,
    11,
    30,
    30,
    41,
    31,
    54,
    87,
    115,
    95,
    95,
    101,
    94,
    132,
    132,
    92,
    38,
    30,
    26,
    2,
    32,
    43,
    58,
    109,
    109,
    78,
    78,
    104,
    101,
    132,
    132,
    92,
    15,
    42,
    42,
    32,
    16
  ],
  [
    58,
    58,
    58,
    109,
    148,
    148,
    169,
    186,
    102,
    102,
    60,
    60,
    22,
    10,
    37,
    31,
    109,
    109,
    109,
    109,
    197,
    197,
    195,
    209,
    102,
    102,
    102,
    102,
    47,
    23,
    37,
    54,
    109,
    158,
    158,
    158,
    229,
    215,
    226,
    224,
    122,
    122,
    102,
    102,
    64,
    69,
    82,
    87,
    158,
    158,
    158,
    192,
    229,
    215,
    226,
    224,
    144,
    144,
    122,
    102,
    98,
    69,
    82,
    87,
    108,
    108,
    108,
    136,
    192,
    195,
    204,
    188,
    209,
    209,
    180,
    180,
    140,
    140,
    129,
    151,
    107,
    107,
    107,
    139,
    195,
    190,
    188,
    189,
    203,
    203,
    178,
    178,
    161,
    140,
    140,
    152,
    104,
    107,
    107,
    139,
    190,
    204,
    189,
    205,
    205,
    205,
    187,
    187,
    137,
    154,
    131,
    140,
    102,
    102,
    102,
    122,
    186,
    209,
    205,
    205,
    202,
    210,
    177,
    177,
    141,
    130,
    132,
    133,
    131,
    140,
    181,
    200,
    161,
    161,
    176,
    177,
    210,
    183,
    127,
    127,
    91,
    89,
    64,
    64,
    79,
    140,
    140,
    181,
    121,
    161,
    125,
    137,
    183,
    183,
    127,
    93,
    51,
    52,
    64,
    64,
    79,
    69,
    140,
    140,
    121,
    121,
    125,
    113,
    183,
    127,
    127,
    93,
    51,
    52,
    47,
    47,
    41,
    23,
    69,
    140,
    64,
    64,
    89,
    75,
    127,
    127,
    93,
    51,
    36,
    27,
    22,
    22,
    25,
    53,
    86,
    118,
    60,
    101,
    96,
    96,
    130,
    130,
    68,
    68,
    44,
    44,
    11,
    30,
    31,
    54,
    87,
    115,
    56,
    101,
    101,
    94,
    132,
    132,
    68,
    68,
    11,
    30,
    26,
    26,
    31,
    54,
    87,
    115,
    56,
    95,
    102,
    99,
    132,
    132,
    92,
    57,
    30,
    26,
    26,
    32,
    43,
    43,
    109,
    109,
    78,
    78,
    104,
    102,
    131,
    133,
    79,
    79,
    23,
    37,
    37,
    31
  ],
  [
    58,
    58,
    58,
    109,
    148,
    191,
    192,
    190,
    104,
    102,
    102,
    102,
    64,
    47,
    23,
    37,
    109,
    109,
    109,
    109,
    191,
    229,
    226,
    190,
    134,
    122,
    102,
    102,
    64,
    64,
    69,
    72,
    158,
    158,
    158,
    158,
    197,
    229,
    226,
    233,
    134,
    144,
    122,
    102,
    98,
    64,
    69,
    72,
    143,
    158,
    158,
    158,
    229,
    215,
    226,
    233,
    134,
    144,
    144,
    122,
    121,
    98,
    69,
    82,
    78,
    108,
    108,
    108,
    158,
    192,
    204,
    188,
    208,
    208,
    208,
    184,
    181,
    140,
    140,
    129,
    104,
    107,
    107,
    107,
    143,
    195,
    188,
    189,
    188,
    203,
    203,
    178,
    161,
    161,
    140,
    140,
    104,
    104,
    104,
    104,
    136,
    190,
    188,
    189,
    205,
    202,
    202,
    176,
    183,
    127,
    159,
    133,
    99,
    101,
    102,
    102,
    142,
    209,
    203,
    205,
    210,
    210,
    210,
    183,
    175,
    130,
    130,
    132,
    133,
    140,
    140,
    181,
    161,
    161,
    176,
    177,
    177,
    183,
    183,
    127,
    91,
    91,
    89,
    64,
    79,
    69,
    140,
    140,
    121,
    121,
    125,
    137,
    177,
    183,
    183,
    127,
    51,
    51,
    52,
    47,
    30,
    23,
    69,
    69,
    64,
    121,
    125,
    113,
    177,
    183,
    127,
    93,
    51,
    36,
    27,
    22,
    30,
    42,
    82,
    82,
    64,
    64,
    64,
    89,
    137,
    127,
    127,
    93,
    36,
    27,
    22,
    22,
    37,
    25,
    53,
    86,
    56,
    101,
    101,
    96,
    130,
    130,
    130,
    68,
    44,
    44,
    11,
    30,
    37,
    31,
    54,
    87,
    56,
    95,
    101,
    99,
    132,
    132,
    132,
    92,
    30,
    30,
    26,
    26,
    31,
    31,
    54,
    87,
    56,
    95,
    102,
    102,
    133,
    133,
    132,
    92,
    41,
    41,
    42,
    32,
    31,
    43,
    58,
    109,
    61,
    61,
    107,
    104,
    140,
    131,
    133,
    79,
    23,
    23,
    37,
    31
  ],
  [
    109,
    109,
    109,
    109,
    148,
    197,
    192,
    190,
    104,
    102,
    102,
    102,
    64,
    47,
    10,
    37,
    109,
    109,
    109,
    158,
    191,
    229,
    228,
    233,
    134,
    122,
    122,
    122,
    120,
    64,
    69,
    82,
    143,
    158,
    158,
    158,
    197,
    229,
    226,
    233,
    134,
    144,
    144,
    122,
    120,
    64,
    69,
    82,
    143,
    143,
    143,
    169,
    197,
    215,
    226,
    223,
    146,
    144,
    144,
    122,
    121,
    98,
    98,
    82,
    104,
    78,
    108,
    108,
    143,
    195,
    204,
    188,
    204,
    208,
    208,
    208,
    161,
    161,
    140,
    140,
    104,
    104,
    107,
    107,
    136,
    190,
    204,
    189,
    189,
    203,
    203,
    203,
    176,
    125,
    161,
    140,
    102,
    102,
    104,
    104,
    136,
    190,
    204,
    189,
    205,
    202,
    202,
    202,
    183,
    127,
    159,
    133,
    94,
    99,
    101,
    101,
    142,
    186,
    208,
    205,
    210,
    201,
    201,
    201,
    175,
    141,
    130,
    132,
    79,
    79,
    140,
    140,
    121,
    161,
    125,
    125,
    176,
    177,
    183,
    127,
    91,
    51,
    52,
    64,
    30,
    41,
    69,
    69,
    64,
    121,
    125,
    125,
    176,
    177,
    183,
    127,
    51,
    51,
    52,
    47,
    30,
    41,
    23,
    69,
    47,
    64,
    89,
    91,
    125,
    137,
    127,
    127,
    51,
    36,
    27,
    22,
    26,
    42,
    37,
    82,
    10,
    64,
    64,
    64,
    125,
    137,
    127,
    93,
    52,
    27,
    22,
    22,
    37,
    25,
    53,
    53,
    56,
    95,
    101,
    101,
    133,
    132,
    132,
    68,
    11,
    11,
    30,
    30,
    16,
    31,
    54,
    54,
    56,
    95,
    95,
    101,
    133,
    132,
    132,
    92,
    30,
    30,
    26,
    2,
    31,
    31,
    43,
    58,
    78,
    78,
    78,
    104,
    140,
    131,
    133,
    79,
    23,
    23,
    37,
    16,
    31,
    43,
    43,
    58,
    61,
    61,
    61,
    107,
    142,
    140,
    131,
    79,
    56,
    13,
    25,
    31
  ],
  [
    109,
    109,
    109,
    109,
    148,
    197,
    228,
    226,
    146,
    146,
    122,
    122,
    121,
    64,
    64,
    69,
    158,
    158,
    158,
    158,
    191,
    229,
    228,
    226,
    134,
    134,
    144,
    144,
    120,
    98,
    98,
    82,
    136,
    143,
    143,
    143,
    191,
    228,
    226,
    233,
    146,
    146,
    144,
    144,
    121,
    98,
    98,
    69,
    136,
    136,
    136,
    136,
    192,
    228,
    233,
    223,
    146,
    146,
    138,
    138,
    125,
    89,
    98,
    69,
    104,
    104,
    107,
    107,
    112,
    169,
    204,
    188,
    188,
    188,
    203,
    203,
    206,
    176,
    161,
    140,
    102,
    104,
    104,
    104,
    136,
    190,
    204,
    189,
    189,
    205,
    205,
    205,
    210,
    177,
    154,
    131,
    99,
    99,
    102,
    102,
    142,
    186,
    208,
    203,
    202,
    210,
    210,
    210,
    199,
    175,
    130,
    132,
    60,
    60,
    60,
    60,
    95,
    142,
    179,
    187,
    177,
    183,
    183,
    183,
    175,
    117,
    130,
    132,
    57,
    30,
    23,
    69,
    64,
    121,
    121,
    125,
    176,
    177,
    183,
    127,
    91,
    51,
    52,
    47,
    15,
    30,
    23,
    23,
    47,
    64,
    64,
    91,
    125,
    137,
    127,
    127,
    51,
    36,
    27,
    22,
    15,
    26,
    37,
    37,
    10,
    64,
    64,
    89,
    125,
    137,
    127,
    127,
    52,
    27,
    27,
    22,
    4,
    32,
    16,
    16,
    23,
    69,
    69,
    64,
    161,
    161,
    154,
    121,
    52,
    27,
    22,
    10,
    32,
    16,
    31,
    54,
    56,
    56,
    95,
    101,
    133,
    132,
    132,
    132,
    30,
    30,
    30,
    26,
    16,
    31,
    31,
    54,
    56,
    56,
    95,
    102,
    140,
    131,
    133,
    132,
    41,
    41,
    42,
    42,
    31,
    31,
    43,
    43,
    78,
    78,
    78,
    104,
    142,
    140,
    140,
    131,
    56,
    13,
    25,
    31,
    54,
    43,
    43,
    58,
    61,
    108,
    108,
    107,
    136,
    142,
    140,
    140,
    56,
    56,
    53,
    54
  ],
  [
    152,
    152,
    158,
    158,
    148,
    197,
    229,
    228,
    146,
    146,
    146,
    122,
    161,
    121,
    64,
    64,
    157,
    157,
    143,
    143,
    148,
    197,
    228,
    226,
    139,
    134,
    134,
    144,
    161,
    121,
    98,
    98,
    142,
    136,
    136,
    136,
    158,
    192,
    226,
    233,
    146,
    146,
    146,
    138,
    161,
    121,
    98,
    98,
    144,
    135,
    135,
    135,
    143,
    195,
    226,
    223,
    146,
    146,
    146,
    138,
    176,
    125,
    89,
    98,
    102,
    104,
    104,
    107,
    108,
    136,
    190,
    204,
    189,
    189,
    189,
    205,
    214,
    176,
    125,
    161,
    101,
    101,
    102,
    104,
    78,
    136,
    190,
    188,
    205,
    205,
    205,
    205,
    217,
    183,
    127,
    154,
    98,
    94,
    94,
    101,
    95,
    142,
    209,
    203,
    202,
    210,
    210,
    201,
    212,
    175,
    141,
    130,
    64,
    64,
    60,
    60,
    56,
    142,
    180,
    178,
    177,
    177,
    183,
    183,
    175,
    141,
    88,
    68,
    38,
    30,
    41,
    23,
    47,
    64,
    98,
    89,
    138,
    125,
    137,
    127,
    91,
    51,
    36,
    27,
    38,
    30,
    42,
    42,
    10,
    64,
    64,
    89,
    138,
    125,
    137,
    127,
    91,
    51,
    27,
    22,
    1,
    26,
    42,
    42,
    23,
    69,
    64,
    64,
    138,
    125,
    137,
    127,
    89,
    52,
    27,
    22,
    4,
    2,
    32,
    18,
    37,
    82,
    82,
    69,
    144,
    161,
    161,
    159,
    64,
    47,
    22,
    22,
    32,
    16,
    31,
    31,
    13,
    56,
    95,
    102,
    140,
    131,
    133,
    132,
    79,
    30,
    30,
    26,
    32,
    16,
    31,
    31,
    78,
    78,
    78,
    104,
    142,
    140,
    140,
    133,
    69,
    23,
    23,
    37,
    16,
    31,
    43,
    43,
    61,
    61,
    61,
    107,
    136,
    142,
    142,
    140,
    56,
    56,
    25,
    25,
    72,
    54,
    58,
    58,
    61,
    61,
    108,
    107,
    190,
    186,
    186,
    181,
    95,
    95,
    53,
    53
  ],
  [
    157,
    152,
    152,
    158,
    148,
    191,
    229,
    228,
    146,
    146,
    146,
    146,
    161,
    121,
    64,
    64,
    142,
    157,
    157,
    143,
    158,
    192,
    228,
    226,
    146,
    146,
    146,
    146,
    206,
    161,
    89,
    98,
    144,
    144,
    135,
    135,
    143,
    195,
    226,
    233,
    146,
    146,
    146,
    146,
    206,
    125,
    89,
    98,
    144,
    144,
    134,
    134,
    136,
    190,
    233,
    223,
    146,
    146,
    146,
    146,
    202,
    125,
    91,
    89,
    102,
    102,
    102,
    104,
    78,
    136,
    190,
    204,
    189,
    189,
    189,
    205,
    214,
    202,
    177,
    161,
    94,
    94,
    99,
    102,
    95,
    136,
    209,
    208,
    205,
    205,
    205,
    202,
    231,
    201,
    183,
    159,
    64,
    64,
    94,
    99,
    95,
    142,
    209,
    208,
    176,
    177,
    177,
    183,
    211,
    175,
    141,
    130,
    47,
    47,
    49,
    49,
    56,
    95,
    142,
    179,
    125,
    137,
    137,
    127,
    175,
    117,
    88,
    88,
    38,
    15,
    30,
    41,
    22,
    47,
    64,
    64,
    138,
    138,
    125,
    137,
    91,
    51,
    36,
    27,
    1,
    1,
    26,
    42,
    10,
    10,
    64,
    64,
    138,
    138,
    125,
    137,
    89,
    52,
    27,
    22,
    3,
    4,
    2,
    32,
    42,
    37,
    82,
    69,
    144,
    138,
    161,
    154,
    89,
    52,
    27,
    22,
    6,
    4,
    5,
    19,
    16,
    72,
    72,
    82,
    144,
    144,
    161,
    154,
    64,
    47,
    22,
    10,
    26,
    16,
    31,
    31,
    13,
    78,
    78,
    78,
    145,
    140,
    140,
    133,
    79,
    41,
    41,
    42,
    42,
    16,
    31,
    31,
    78,
    78,
    78,
    78,
    157,
    142,
    142,
    140,
    95,
    56,
    13,
    25,
    37,
    31,
    31,
    43,
    61,
    61,
    108,
    108,
    143,
    136,
    142,
    142,
    95,
    56,
    56,
    53,
    82,
    54,
    54,
    58,
    61,
    108,
    136,
    135,
    195,
    190,
    209,
    209,
    142,
    142,
    95,
    86
  ],
  [
    142,
    157,
    157,
    143,
    149,
    148,
    215,
    228,
    146,
    146,
    146,
    146,
    206,
    161,
    89,
    64,
    144,
    142,
    142,
    136,
    158,
    158,
    228,
    226,
    146,
    146,
    146,
    146,
    206,
    176,
    125,
    98,
    144,
    144,
    144,
    134,
    143,
    169,
    226,
    233,
    146,
    146,
    146,
    146,
    202,
    176,
    125,
    89,
    138,
    144,
    144,
    134,
    142,
    190,
    233,
    233,
    146,
    146,
    146,
    146,
    202,
    176,
    125,
    89,
    96,
    99,
    101,
    102,
    95,
    78,
    190,
    204,
    189,
    189,
    205,
    205,
    217,
    210,
    177,
    137,
    96,
    98,
    94,
    99,
    95,
    95,
    186,
    209,
    203,
    205,
    202,
    202,
    237,
    212,
    182,
    141,
    89,
    64,
    64,
    60,
    56,
    95,
    186,
    180,
    176,
    176,
    177,
    177,
    212,
    175,
    141,
    117,
    27,
    22,
    22,
    28,
    13,
    56,
    142,
    142,
    125,
    125,
    113,
    113,
    175,
    117,
    88,
    46,
    38,
    38,
    15,
    26,
    35,
    10,
    64,
    64,
    144,
    138,
    138,
    137,
    89,
    52,
    52,
    27,
    1,
    4,
    4,
    2,
    41,
    23,
    69,
    69,
    144,
    138,
    138,
    161,
    89,
    52,
    52,
    22,
    3,
    4,
    4,
    5,
    42,
    37,
    82,
    82,
    144,
    144,
    144,
    161,
    64,
    64,
    47,
    22,
    4,
    8,
    5,
    19,
    16,
    16,
    72,
    82,
    142,
    144,
    144,
    161,
    64,
    64,
    47,
    22,
    42,
    32,
    16,
    31,
    13,
    78,
    78,
    78,
    145,
    142,
    142,
    140,
    69,
    69,
    23,
    37,
    42,
    16,
    31,
    31,
    78,
    61,
    61,
    61,
    143,
    136,
    142,
    142,
    95,
    56,
    56,
    25,
    37,
    16,
    54,
    54,
    78,
    61,
    108,
    108,
    169,
    190,
    186,
    186,
    142,
    95,
    56,
    53,
    82,
    72,
    87,
    87,
    78,
    108,
    136,
    136,
    226,
    190,
    209,
    209,
    186,
    142,
    142,
    118
  ],
  [
    142,
    142,
    142,
    136,
    152,
    158,
    228,
    228,
    139,
    146,
    146,
    146,
    203,
    176,
    125,
    89,
    144,
    144,
    144,
    135,
    157,
    143,
    226,
    226,
    146,
    146,
    146,
    146,
    203,
    176,
    125,
    89,
    138,
    144,
    144,
    144,
    142,
    136,
    190,
    233,
    146,
    146,
    146,
    146,
    205,
    176,
    125,
    91,
    138,
    144,
    144,
    144,
    142,
    136,
    209,
    224,
    146,
    146,
    146,
    146,
    202,
    177,
    137,
    91,
    96,
    94,
    94,
    101,
    95,
    78,
    190,
    190,
    203,
    205,
    205,
    205,
    217,
    231,
    201,
    183,
    89,
    98,
    98,
    94,
    69,
    95,
    186,
    209,
    206,
    202,
    202,
    202,
    237,
    212,
    199,
    175,
    52,
    64,
    64,
    64,
    69,
    56,
    142,
    186,
    125,
    125,
    137,
    137,
    199,
    175,
    141,
    88,
    27,
    22,
    22,
    22,
    23,
    13,
    95,
    142,
    89,
    91,
    91,
    75,
    141,
    117,
    88,
    46,
    38,
    1,
    1,
    1,
    41,
    23,
    69,
    69,
    144,
    144,
    138,
    125,
    89,
    89,
    52,
    27,
    1,
    3,
    4,
    4,
    42,
    37,
    82,
    82,
    142,
    144,
    144,
    161,
    64,
    64,
    47,
    22,
    3,
    6,
    4,
    4,
    32,
    16,
    72,
    82,
    142,
    144,
    144,
    161,
    64,
    64,
    47,
    22,
    4,
    4,
    5,
    19,
    16,
    31,
    54,
    87,
    142,
    144,
    144,
    144,
    94,
    64,
    47,
    22,
    41,
    42,
    16,
    31,
    13,
    78,
    78,
    78,
    152,
    157,
    142,
    142,
    95,
    69,
    23,
    23,
    23,
    37,
    31,
    31,
    78,
    61,
    61,
    108,
    158,
    143,
    136,
    142,
    95,
    95,
    56,
    25,
    23,
    37,
    54,
    54,
    78,
    61,
    108,
    108,
    192,
    195,
    190,
    209,
    142,
    142,
    95,
    86,
    69,
    82,
    87,
    87,
    78,
    108,
    136,
    136,
    228,
    226,
    233,
    224,
    186,
    186,
    142,
    118
  ],
  [
    144,
    144,
    142,
    142,
    152,
    158,
    192,
    228,
    139,
    146,
    146,
    146,
    203,
    202,
    125,
    125,
    138,
    144,
    144,
    144,
    145,
    143,
    195,
    226,
    146,
    146,
    146,
    146,
    205,
    202,
    176,
    125,
    138,
    138,
    144,
    144,
    140,
    142,
    190,
    233,
    146,
    146,
    146,
    146,
    205,
    202,
    176,
    125,
    125,
    161,
    161,
    161,
    140,
    142,
    209,
    224,
    146,
    146,
    146,
    146,
    205,
    202,
    177,
    113,
    96,
    96,
    94,
    94,
    69,
    95,
    136,
    186,
    203,
    203,
    205,
    205,
    217,
    231,
    212,
    182,
    89,
    89,
    64,
    64,
    79,
    95,
    142,
    186,
    206,
    206,
    202,
    202,
    231,
    237,
    211,
    175,
    52,
    52,
    47,
    47,
    41,
    56,
    95,
    142,
    121,
    125,
    125,
    137,
    183,
    175,
    141,
    88,
    27,
    22,
    22,
    22,
    41,
    25,
    86,
    118,
    64,
    89,
    89,
    91,
    127,
    141,
    88,
    46,
    38,
    1,
    3,
    4,
    30,
    23,
    23,
    69,
    142,
    144,
    144,
    138,
    96,
    89,
    52,
    27,
    38,
    3,
    6,
    4,
    26,
    42,
    37,
    82,
    145,
    142,
    144,
    144,
    94,
    64,
    64,
    22,
    1,
    4,
    8,
    8,
    32,
    16,
    16,
    72,
    157,
    142,
    144,
    144,
    94,
    64,
    64,
    22,
    26,
    2,
    5,
    5,
    16,
    31,
    54,
    87,
    157,
    136,
    134,
    144,
    99,
    94,
    64,
    22,
    10,
    42,
    16,
    16,
    13,
    78,
    61,
    61,
    149,
    158,
    143,
    142,
    95,
    95,
    56,
    13,
    10,
    37,
    16,
    31,
    78,
    61,
    61,
    108,
    148,
    158,
    169,
    190,
    78,
    95,
    95,
    56,
    64,
    82,
    72,
    54,
    78,
    61,
    61,
    136,
    228,
    228,
    226,
    190,
    136,
    142,
    142,
    95,
    98,
    82,
    82,
    87,
    78,
    108,
    108,
    136,
    228,
    228,
    226,
    233,
    209,
    209,
    186,
    142
  ],
  [
    138,
    144,
    144,
    144,
    140,
    157,
    169,
    226,
    139,
    146,
    146,
    146,
    205,
    205,
    176,
    125,
    138,
    138,
    138,
    144,
    140,
    142,
    190,
    233,
    146,
    146,
    146,
    146,
    205,
    205,
    176,
    125,
    125,
    125,
    161,
    161,
    131,
    140,
    186,
    224,
    146,
    146,
    146,
    146,
    205,
    202,
    177,
    137,
    125,
    137,
    154,
    154,
    133,
    140,
    186,
    224,
    146,
    146,
    146,
    146,
    205,
    202,
    183,
    127,
    106,
    89,
    89,
    98,
    79,
    69,
    142,
    186,
    206,
    206,
    202,
    202,
    217,
    231,
    212,
    199,
    91,
    89,
    89,
    64,
    79,
    69,
    95,
    142,
    161,
    161,
    176,
    176,
    231,
    212,
    211,
    175,
    36,
    27,
    27,
    22,
    30,
    23,
    56,
    142,
    98,
    89,
    89,
    91,
    183,
    175,
    141,
    88,
    27,
    22,
    22,
    10,
    30,
    37,
    53,
    118,
    64,
    64,
    64,
    89,
    159,
    130,
    130,
    88,
    38,
    1,
    3,
    6,
    26,
    42,
    37,
    82,
    145,
    142,
    144,
    144,
    94,
    64,
    64,
    47,
    38,
    1,
    4,
    8,
    32,
    16,
    16,
    72,
    157,
    157,
    142,
    144,
    94,
    64,
    64,
    47,
    15,
    1,
    4,
    8,
    16,
    16,
    31,
    87,
    157,
    157,
    142,
    144,
    101,
    94,
    64,
    47,
    30,
    32,
    19,
    19,
    31,
    31,
    31,
    87,
    158,
    143,
    136,
    134,
    102,
    99,
    60,
    49,
    10,
    23,
    37,
    16,
    13,
    78,
    61,
    61,
    148,
    158,
    158,
    136,
    78,
    95,
    95,
    56,
    10,
    23,
    37,
    72,
    56,
    78,
    61,
    108,
    197,
    192,
    192,
    190,
    136,
    142,
    142,
    95,
    64,
    69,
    82,
    72,
    56,
    78,
    61,
    136,
    229,
    228,
    226,
    233,
    190,
    186,
    186,
    142,
    98,
    98,
    82,
    82,
    95,
    78,
    108,
    136,
    228,
    228,
    226,
    233,
    190,
    209,
    209,
    180
  ],
  [
    138,
    138,
    138,
    144,
    140,
    142,
    136,
    190,
    139,
    146,
    146,
    146,
    189,
    205,
    202,
    125,
    138,
    138,
    138,
    144,
    131,
    140,
    136,
    209,
    134,
    146,
    146,
    146,
    189,
    205,
    202,
    177,
    125,
    137,
    137,
    161,
    133,
    131,
    142,
    209,
    134,
    146,
    146,
    146,
    205,
    202,
    210,
    177,
    137,
    127,
    127,
    154,
    132,
    133,
    140,
    200,
    144,
    144,
    138,
    138,
    205,
    202,
    201,
    183,
    91,
    89,
    89,
    98,
    79,
    69,
    95,
    142,
    207,
    206,
    206,
    202,
    217,
    231,
    237,
    212,
    51,
    52,
    52,
    64,
    79,
    69,
    56,
    142,
    161,
    161,
    176,
    176,
    210,
    212,
    211,
    175,
    36,
    27,
    27,
    22,
    30,
    23,
    13,
    95,
    64,
    64,
    89,
    89,
    137,
    141,
    141,
    88,
    27,
    22,
    22,
    10,
    26,
    42,
    25,
    86,
    69,
    64,
    64,
    64,
    154,
    130,
    130,
    68,
    38,
    1,
    3,
    6,
    2,
    32,
    16,
    72,
    152,
    145,
    142,
    144,
    99,
    94,
    64,
    47,
    15,
    1,
    4,
    4,
    32,
    16,
    31,
    54,
    152,
    157,
    142,
    144,
    101,
    94,
    64,
    47,
    30,
    26,
    2,
    5,
    16,
    31,
    31,
    54,
    152,
    157,
    136,
    134,
    102,
    101,
    94,
    49,
    41,
    42,
    32,
    19,
    31,
    31,
    43,
    58,
    158,
    143,
    136,
    134,
    104,
    102,
    99,
    49,
    22,
    10,
    37,
    37,
    13,
    78,
    61,
    61,
    148,
    148,
    158,
    169,
    78,
    78,
    95,
    95,
    64,
    64,
    82,
    82,
    56,
    78,
    61,
    108,
    197,
    197,
    192,
    195,
    136,
    136,
    142,
    142,
    64,
    64,
    82,
    82,
    95,
    78,
    108,
    136,
    229,
    215,
    228,
    226,
    190,
    209,
    209,
    186,
    89,
    98,
    69,
    69,
    95,
    78,
    108,
    135,
    228,
    228,
    226,
    233,
    204,
    208,
    208,
    184
  ],
  [
    138,
    138,
    138,
    138,
    131,
    140,
    136,
    190,
    139,
    139,
    146,
    146,
    189,
    205,
    202,
    177,
    176,
    125,
    125,
    161,
    133,
    133,
    142,
    186,
    134,
    134,
    146,
    146,
    189,
    205,
    202,
    177,
    177,
    127,
    127,
    154,
    132,
    132,
    140,
    181,
    134,
    134,
    146,
    146,
    189,
    205,
    202,
    183,
    183,
    127,
    127,
    159,
    132,
    132,
    131,
    181,
    144,
    144,
    144,
    138,
    205,
    202,
    210,
    183,
    91,
    91,
    89,
    89,
    100,
    79,
    95,
    95,
    161,
    161,
    161,
    176,
    214,
    231,
    212,
    211,
    51,
    51,
    52,
    52,
    11,
    30,
    56,
    95,
    121,
    121,
    121,
    125,
    202,
    201,
    199,
    175,
    36,
    36,
    27,
    22,
    11,
    30,
    25,
    53,
    64,
    64,
    64,
    64,
    125,
    127,
    130,
    130,
    22,
    22,
    22,
    10,
    30,
    26,
    25,
    53,
    82,
    82,
    69,
    69,
    140,
    133,
    132,
    132,
    57,
    15,
    1,
    4,
    26,
    32,
    16,
    16,
    115,
    152,
    157,
    142,
    102,
    99,
    94,
    64,
    30,
    30,
    2,
    2,
    42,
    16,
    31,
    54,
    109,
    152,
    157,
    136,
    104,
    102,
    94,
    60,
    30,
    30,
    32,
    32,
    37,
    31,
    31,
    43,
    109,
    158,
    143,
    136,
    104,
    104,
    101,
    60,
    23,
    37,
    16,
    16,
    31,
    31,
    43,
    58,
    109,
    158,
    143,
    136,
    107,
    104,
    102,
    60,
    64,
    47,
    23,
    23,
    56,
    56,
    78,
    61,
    148,
    197,
    197,
    192,
    136,
    136,
    142,
    142,
    98,
    64,
    69,
    69,
    56,
    56,
    78,
    108,
    197,
    229,
    215,
    228,
    190,
    190,
    186,
    142,
    121,
    98,
    98,
    69,
    95,
    95,
    78,
    108,
    229,
    215,
    228,
    226,
    190,
    190,
    209,
    209,
    125,
    89,
    98,
    98,
    102,
    102,
    104,
    107,
    228,
    228,
    226,
    233,
    204,
    204,
    208,
    208
  ],
  [
    176,
    176,
    125,
    125,
    159,
    133,
    140,
    142,
    104,
    134,
    134,
    146,
    188,
    189,
    205,
    202,
    177,
    177,
    137,
    137,
    130,
    132,
    131,
    142,
    122,
    144,
    144,
    144,
    203,
    205,
    202,
    210,
    183,
    183,
    127,
    127,
    130,
    132,
    133,
    140,
    122,
    144,
    144,
    144,
    203,
    205,
    202,
    210,
    127,
    127,
    127,
    127,
    130,
    132,
    133,
    140,
    101,
    122,
    122,
    122,
    203,
    205,
    202,
    201,
    91,
    91,
    51,
    52,
    85,
    79,
    69,
    56,
    121,
    161,
    161,
    161,
    206,
    210,
    201,
    199,
    51,
    51,
    36,
    27,
    44,
    30,
    23,
    13,
    64,
    98,
    121,
    121,
    176,
    177,
    183,
    175,
    52,
    52,
    27,
    22,
    11,
    30,
    37,
    25,
    69,
    69,
    69,
    64,
    140,
    154,
    159,
    130,
    47,
    47,
    22,
    10,
    30,
    26,
    16,
    31,
    82,
    82,
    82,
    82,
    140,
    131,
    133,
    132,
    79,
    30,
    30,
    26,
    42,
    16,
    16,
    31,
    109,
    109,
    152,
    157,
    104,
    102,
    101,
    94,
    79,
    30,
    30,
    26,
    37,
    31,
    31,
    43,
    109,
    109,
    158,
    143,
    104,
    104,
    102,
    99,
    69,
    23,
    42,
    42,
    25,
    31,
    43,
    43,
    109,
    109,
    158,
    143,
    107,
    107,
    104,
    101,
    140,
    69,
    82,
    82,
    53,
    54,
    58,
    58,
    109,
    109,
    158,
    143,
    107,
    107,
    104,
    102,
    120,
    64,
    64,
    64,
    56,
    56,
    78,
    61,
    148,
    197,
    229,
    228,
    169,
    190,
    186,
    142,
    120,
    98,
    98,
    98,
    95,
    95,
    78,
    108,
    197,
    229,
    229,
    228,
    195,
    190,
    209,
    209,
    161,
    89,
    98,
    98,
    102,
    95,
    78,
    108,
    192,
    228,
    228,
    226,
    204,
    204,
    208,
    208,
    125,
    91,
    89,
    98,
    96,
    102,
    104,
    107,
    195,
    226,
    226,
    233,
    188,
    188,
    188,
    203
  ],
  [
    176,
    177,
    177,
    137,
    159,
    133,
    140,
    142,
    104,
    104,
    134,
    146,
    188,
    189,
    205,
    202,
    183,
    183,
    183,
    127,
    130,
    132,
    133,
    140,
    102,
    122,
    144,
    144,
    203,
    205,
    205,
    210,
    127,
    127,
    127,
    127,
    130,
    132,
    133,
    131,
    101,
    122,
    144,
    144,
    203,
    205,
    202,
    210,
    127,
    127,
    127,
    93,
    68,
    68,
    79,
    79,
    101,
    101,
    122,
    122,
    178,
    187,
    176,
    177,
    91,
    91,
    51,
    51,
    44,
    11,
    23,
    56,
    98,
    121,
    121,
    121,
    206,
    202,
    201,
    199,
    51,
    51,
    36,
    27,
    44,
    11,
    23,
    13,
    47,
    64,
    64,
    98,
    161,
    125,
    127,
    141,
    52,
    52,
    27,
    22,
    11,
    30,
    42,
    25,
    37,
    82,
    82,
    69,
    140,
    140,
    159,
    130,
    47,
    47,
    22,
    22,
    11,
    26,
    16,
    31,
    72,
    72,
    72,
    82,
    140,
    140,
    133,
    132,
    79,
    79,
    30,
    26,
    37,
    16,
    31,
    31,
    58,
    109,
    109,
    143,
    104,
    104,
    102,
    99,
    79,
    79,
    41,
    42,
    25,
    31,
    31,
    43,
    58,
    109,
    109,
    143,
    107,
    107,
    104,
    101,
    140,
    69,
    23,
    37,
    25,
    31,
    43,
    43,
    58,
    109,
    158,
    143,
    107,
    107,
    104,
    102,
    140,
    140,
    69,
    82,
    86,
    87,
    109,
    109,
    109,
    109,
    158,
    169,
    107,
    107,
    104,
    102,
    161,
    120,
    64,
    64,
    60,
    56,
    78,
    61,
    148,
    197,
    229,
    215,
    195,
    190,
    190,
    186,
    161,
    121,
    98,
    98,
    102,
    95,
    78,
    108,
    197,
    229,
    229,
    228,
    195,
    190,
    190,
    209,
    176,
    125,
    89,
    98,
    102,
    102,
    104,
    107,
    192,
    228,
    228,
    226,
    204,
    204,
    204,
    208,
    176,
    125,
    91,
    89,
    96,
    101,
    104,
    107,
    195,
    226,
    226,
    233,
    188,
    189,
    189,
    205
  ],
  [
    177,
    183,
    183,
    127,
    141,
    130,
    133,
    140,
    104,
    104,
    134,
    134,
    208,
    188,
    205,
    202,
    183,
    183,
    183,
    127,
    141,
    130,
    132,
    133,
    101,
    101,
    122,
    144,
    208,
    203,
    205,
    202,
    127,
    127,
    127,
    93,
    88,
    68,
    92,
    79,
    101,
    101,
    101,
    122,
    179,
    178,
    187,
    177,
    127,
    127,
    93,
    93,
    88,
    68,
    57,
    79,
    60,
    101,
    101,
    101,
    179,
    178,
    187,
    177,
    91,
    91,
    51,
    51,
    52,
    44,
    41,
    23,
    64,
    64,
    98,
    121,
    161,
    176,
    177,
    183,
    52,
    52,
    52,
    27,
    27,
    11,
    42,
    37,
    10,
    10,
    64,
    64,
    140,
    161,
    137,
    127,
    64,
    64,
    47,
    22,
    44,
    30,
    42,
    37,
    37,
    37,
    82,
    82,
    140,
    140,
    131,
    133,
    60,
    64,
    47,
    22,
    35,
    30,
    16,
    31,
    31,
    54,
    54,
    87,
    151,
    145,
    140,
    131,
    131,
    79,
    41,
    41,
    25,
    25,
    31,
    31,
    43,
    109,
    109,
    158,
    78,
    104,
    104,
    102,
    140,
    69,
    23,
    23,
    25,
    25,
    31,
    43,
    58,
    109,
    109,
    158,
    108,
    107,
    107,
    104,
    140,
    140,
    69,
    69,
    53,
    53,
    54,
    58,
    58,
    109,
    109,
    158,
    108,
    107,
    107,
    104,
    200,
    140,
    140,
    69,
    86,
    86,
    87,
    109,
    109,
    109,
    158,
    158,
    135,
    139,
    139,
    134,
    161,
    161,
    120,
    98,
    102,
    95,
    95,
    78,
    148,
    197,
    229,
    229,
    192,
    195,
    190,
    209,
    161,
    161,
    121,
    98,
    102,
    102,
    95,
    78,
    148,
    197,
    228,
    228,
    190,
    204,
    204,
    208,
    176,
    125,
    125,
    89,
    96,
    102,
    102,
    104,
    169,
    195,
    226,
    226,
    204,
    188,
    188,
    188,
    177,
    137,
    113,
    75,
    106,
    96,
    101,
    104,
    190,
    190,
    233,
    233,
    188,
    189,
    189,
    205
  ],
  [
    201,
    201,
    183,
    183,
    141,
    130,
    132,
    133,
    60,
    102,
    102,
    122,
    209,
    203,
    205,
    205,
    183,
    127,
    127,
    127,
    117,
    130,
    132,
    133,
    60,
    101,
    101,
    122,
    209,
    203,
    205,
    202,
    127,
    127,
    93,
    93,
    88,
    68,
    57,
    79,
    60,
    60,
    101,
    101,
    180,
    178,
    187,
    176,
    93,
    93,
    93,
    51,
    46,
    34,
    38,
    30,
    28,
    49,
    60,
    101,
    142,
    144,
    138,
    176,
    91,
    91,
    51,
    36,
    36,
    44,
    30,
    23,
    22,
    47,
    47,
    64,
    140,
    161,
    125,
    127,
    89,
    89,
    52,
    27,
    27,
    44,
    26,
    37,
    23,
    23,
    23,
    69,
    140,
    140,
    161,
    159,
    64,
    64,
    47,
    22,
    44,
    30,
    2,
    16,
    16,
    16,
    72,
    72,
    129,
    140,
    140,
    133,
    60,
    60,
    49,
    28,
    40,
    41,
    32,
    31,
    31,
    54,
    54,
    87,
    151,
    152,
    142,
    140,
    140,
    69,
    69,
    23,
    13,
    25,
    31,
    43,
    43,
    58,
    109,
    109,
    61,
    107,
    107,
    104,
    181,
    140,
    69,
    69,
    56,
    53,
    54,
    58,
    43,
    58,
    109,
    158,
    108,
    107,
    107,
    104,
    200,
    181,
    140,
    140,
    95,
    86,
    87,
    109,
    58,
    109,
    109,
    158,
    136,
    135,
    139,
    134,
    235,
    200,
    181,
    140,
    142,
    118,
    115,
    109,
    58,
    109,
    158,
    158,
    136,
    135,
    139,
    134,
    206,
    161,
    121,
    121,
    102,
    102,
    95,
    78,
    148,
    191,
    197,
    215,
    195,
    190,
    204,
    204,
    206,
    176,
    125,
    125,
    96,
    102,
    102,
    104,
    158,
    192,
    192,
    228,
    204,
    204,
    204,
    204,
    202,
    176,
    125,
    125,
    106,
    96,
    102,
    104,
    136,
    190,
    190,
    233,
    188,
    188,
    189,
    189,
    210,
    177,
    137,
    113,
    106,
    96,
    94,
    102,
    142,
    186,
    209,
    224,
    203,
    203,
    205,
    205
  ],
  [
    183,
    183,
    183,
    127,
    141,
    130,
    132,
    132,
    60,
    60,
    102,
    102,
    186,
    184,
    187,
    187,
    127,
    127,
    127,
    127,
    117,
    88,
    68,
    92,
    60,
    60,
    101,
    101,
    186,
    179,
    187,
    187,
    93,
    93,
    93,
    93,
    88,
    46,
    12,
    15,
    49,
    49,
    60,
    101,
    186,
    179,
    187,
    187,
    93,
    93,
    93,
    51,
    46,
    46,
    12,
    15,
    28,
    28,
    49,
    60,
    142,
    144,
    138,
    138,
    91,
    91,
    91,
    51,
    51,
    27,
    30,
    41,
    10,
    10,
    10,
    64,
    140,
    140,
    161,
    137,
    64,
    64,
    64,
    47,
    44,
    44,
    26,
    42,
    23,
    23,
    23,
    69,
    140,
    140,
    140,
    160,
    60,
    64,
    64,
    47,
    44,
    11,
    26,
    16,
    16,
    31,
    54,
    54,
    151,
    151,
    145,
    140,
    60,
    99,
    60,
    49,
    47,
    10,
    42,
    31,
    31,
    43,
    43,
    58,
    150,
    150,
    157,
    142,
    186,
    140,
    140,
    69,
    56,
    53,
    54,
    58,
    43,
    43,
    109,
    109,
    108,
    108,
    107,
    104,
    209,
    181,
    140,
    140,
    95,
    86,
    87,
    109,
    58,
    58,
    109,
    109,
    108,
    108,
    107,
    104,
    224,
    200,
    181,
    140,
    142,
    118,
    115,
    109,
    58,
    109,
    109,
    158,
    136,
    135,
    139,
    134,
    224,
    235,
    200,
    200,
    142,
    157,
    152,
    152,
    109,
    109,
    109,
    158,
    136,
    135,
    139,
    134,
    203,
    161,
    161,
    121,
    96,
    102,
    102,
    78,
    149,
    148,
    191,
    228,
    195,
    190,
    204,
    204,
    203,
    176,
    125,
    125,
    96,
    96,
    102,
    104,
    143,
    143,
    195,
    226,
    204,
    204,
    188,
    188,
    202,
    177,
    137,
    137,
    106,
    96,
    99,
    102,
    142,
    136,
    190,
    233,
    204,
    188,
    189,
    205,
    210,
    183,
    127,
    127,
    91,
    89,
    98,
    99,
    142,
    142,
    186,
    224,
    208,
    203,
    205,
    205
  ],
  [
    137,
    183,
    127,
    127,
    141,
    88,
    68,
    92,
    49,
    49,
    60,
    60,
    142,
    180,
    178,
    187,
    75,
    127,
    127,
    93,
    88,
    46,
    68,
    57,
    49,
    49,
    49,
    60,
    142,
    180,
    178,
    187,
    75,
    93,
    93,
    51,
    88,
    46,
    12,
    38,
    28,
    28,
    28,
    49,
    142,
    142,
    144,
    138,
    76,
    93,
    93,
    52,
    88,
    46,
    38,
    38,
    28,
    28,
    28,
    49,
    118,
    142,
    144,
    138,
    60,
    89,
    89,
    52,
    93,
    27,
    11,
    26,
    41,
    23,
    23,
    23,
    140,
    140,
    140,
    161,
    60,
    64,
    64,
    64,
    85,
    44,
    30,
    2,
    42,
    42,
    37,
    37,
    129,
    129,
    140,
    140,
    60,
    94,
    94,
    60,
    63,
    40,
    42,
    32,
    31,
    31,
    31,
    54,
    116,
    151,
    152,
    145,
    104,
    102,
    102,
    60,
    64,
    22,
    37,
    16,
    43,
    43,
    43,
    43,
    114,
    148,
    158,
    143,
    209,
    200,
    181,
    140,
    95,
    86,
    86,
    87,
    54,
    58,
    58,
    109,
    108,
    108,
    107,
    107,
    224,
    235,
    200,
    181,
    142,
    118,
    118,
    115,
    87,
    58,
    109,
    109,
    136,
    136,
    135,
    139,
    224,
    235,
    235,
    200,
    186,
    157,
    157,
    152,
    87,
    109,
    109,
    158,
    136,
    136,
    135,
    139,
    220,
    235,
    235,
    200,
    184,
    142,
    142,
    157,
    87,
    109,
    109,
    158,
    136,
    136,
    139,
    146,
    203,
    202,
    176,
    176,
    96,
    96,
    102,
    102,
    157,
    158,
    158,
    192,
    190,
    204,
    204,
    188,
    205,
    202,
    176,
    176,
    106,
    106,
    96,
    102,
    142,
    136,
    136,
    190,
    204,
    188,
    188,
    189,
    205,
    202,
    177,
    177,
    106,
    106,
    96,
    99,
    140,
    142,
    142,
    209,
    208,
    203,
    203,
    205,
    202,
    201,
    183,
    183,
    125,
    91,
    89,
    98,
    131,
    140,
    140,
    200,
    207,
    206,
    206,
    202
  ],
  [
    113,
    127,
    127,
    127,
    141,
    88,
    68,
    68,
    49,
    49,
    49,
    49,
    142,
    142,
    184,
    178,
    75,
    93,
    93,
    93,
    117,
    46,
    34,
    12,
    28,
    28,
    28,
    49,
    95,
    142,
    144,
    138,
    76,
    93,
    93,
    93,
    88,
    46,
    12,
    38,
    28,
    28,
    28,
    28,
    95,
    142,
    144,
    138,
    63,
    63,
    85,
    85,
    68,
    68,
    12,
    1,
    28,
    28,
    28,
    28,
    86,
    145,
    142,
    144,
    60,
    89,
    89,
    89,
    93,
    52,
    11,
    30,
    30,
    41,
    23,
    23,
    72,
    129,
    140,
    140,
    60,
    94,
    64,
    64,
    85,
    44,
    30,
    26,
    32,
    32,
    16,
    16,
    66,
    129,
    129,
    140,
    60,
    101,
    99,
    60,
    97,
    40,
    41,
    42,
    31,
    31,
    31,
    31,
    84,
    150,
    150,
    157,
    104,
    104,
    102,
    102,
    120,
    64,
    23,
    37,
    43,
    43,
    43,
    43,
    114,
    148,
    148,
    143,
    209,
    209,
    200,
    200,
    142,
    95,
    86,
    87,
    54,
    54,
    58,
    109,
    108,
    136,
    135,
    139,
    224,
    224,
    235,
    235,
    186,
    142,
    118,
    115,
    87,
    87,
    109,
    109,
    136,
    136,
    135,
    139,
    224,
    224,
    235,
    235,
    186,
    142,
    157,
    152,
    87,
    87,
    109,
    109,
    136,
    136,
    135,
    139,
    220,
    220,
    213,
    213,
    184,
    144,
    142,
    142,
    86,
    86,
    109,
    109,
    136,
    136,
    139,
    146,
    205,
    205,
    202,
    176,
    138,
    106,
    96,
    102,
    145,
    157,
    143,
    169,
    204,
    204,
    204,
    188,
    205,
    205,
    202,
    177,
    138,
    106,
    96,
    101,
    142,
    142,
    136,
    190,
    204,
    204,
    188,
    189,
    205,
    202,
    210,
    183,
    138,
    106,
    96,
    94,
    131,
    140,
    142,
    186,
    179,
    208,
    203,
    205,
    202,
    210,
    201,
    183,
    125,
    91,
    89,
    64,
    133,
    133,
    140,
    181,
    161,
    207,
    206,
    202
  ],
  [
    91,
    113,
    127,
    127,
    141,
    88,
    46,
    68,
    28,
    28,
    28,
    28,
    95,
    142,
    142,
    144,
    89,
    76,
    93,
    93,
    117,
    88,
    34,
    12,
    22,
    28,
    28,
    28,
    56,
    142,
    142,
    144,
    64,
    63,
    63,
    85,
    130,
    68,
    12,
    38,
    22,
    28,
    28,
    28,
    86,
    118,
    142,
    144,
    64,
    63,
    63,
    85,
    130,
    68,
    12,
    1,
    10,
    13,
    13,
    13,
    86,
    118,
    145,
    142,
    60,
    94,
    64,
    64,
    121,
    85,
    44,
    30,
    26,
    26,
    42,
    37,
    66,
    129,
    129,
    140,
    60,
    99,
    94,
    64,
    120,
    63,
    35,
    30,
    32,
    16,
    16,
    16,
    66,
    129,
    129,
    140,
    104,
    104,
    102,
    99,
    120,
    64,
    10,
    42,
    31,
    31,
    43,
    43,
    73,
    114,
    149,
    158,
    107,
    104,
    104,
    102,
    161,
    98,
    10,
    37,
    54,
    58,
    58,
    58,
    114,
    148,
    191,
    158,
    233,
    224,
    235,
    235,
    186,
    142,
    118,
    115,
    87,
    87,
    58,
    109,
    108,
    136,
    136,
    135,
    233,
    224,
    235,
    235,
    209,
    186,
    157,
    157,
    87,
    87,
    109,
    109,
    108,
    136,
    136,
    139,
    223,
    220,
    235,
    235,
    208,
    184,
    142,
    157,
    81,
    86,
    109,
    109,
    108,
    136,
    135,
    139,
    232,
    219,
    243,
    222,
    203,
    178,
    144,
    142,
    81,
    86,
    105,
    112,
    107,
    135,
    139,
    146,
    189,
    205,
    202,
    202,
    138,
    106,
    106,
    102,
    142,
    142,
    136,
    136,
    165,
    204,
    188,
    189,
    205,
    205,
    202,
    210,
    138,
    106,
    106,
    94,
    131,
    140,
    142,
    142,
    184,
    208,
    203,
    203,
    205,
    202,
    210,
    201,
    125,
    125,
    91,
    98,
    132,
    133,
    140,
    142,
    179,
    208,
    203,
    203,
    187,
    176,
    183,
    183,
    125,
    91,
    91,
    64,
    132,
    133,
    133,
    140,
    161,
    161,
    161,
    176
  ],
  [
    91,
    75,
    75,
    93,
    141,
    88,
    46,
    34,
    22,
    28,
    28,
    28,
    56,
    95,
    142,
    144,
    89,
    76,
    76,
    93,
    130,
    88,
    34,
    12,
    22,
    22,
    28,
    28,
    53,
    86,
    145,
    142,
    64,
    63,
    63,
    85,
    130,
    68,
    12,
    38,
    10,
    10,
    28,
    28,
    53,
    86,
    145,
    142,
    64,
    77,
    77,
    100,
    132,
    68,
    12,
    1,
    10,
    10,
    13,
    13,
    54,
    87,
    152,
    145,
    60,
    99,
    94,
    64,
    159,
    85,
    44,
    30,
    2,
    2,
    32,
    32,
    18,
    66,
    129,
    129,
    104,
    102,
    102,
    99,
    160,
    97,
    40,
    41,
    16,
    16,
    16,
    31,
    50,
    83,
    151,
    151,
    107,
    104,
    104,
    102,
    161,
    98,
    22,
    23,
    31,
    31,
    43,
    43,
    55,
    74,
    148,
    148,
    107,
    134,
    134,
    122,
    161,
    120,
    64,
    69,
    87,
    87,
    109,
    109,
    114,
    148,
    197,
    197,
    226,
    224,
    224,
    224,
    209,
    186,
    142,
    157,
    72,
    87,
    87,
    109,
    108,
    136,
    136,
    135,
    233,
    224,
    224,
    224,
    209,
    180,
    142,
    142,
    82,
    87,
    87,
    109,
    108,
    136,
    136,
    139,
    223,
    220,
    220,
    220,
    208,
    184,
    144,
    142,
    82,
    81,
    86,
    105,
    108,
    135,
    135,
    139,
    232,
    221,
    219,
    219,
    203,
    187,
    138,
    144,
    69,
    81,
    86,
    105,
    107,
    139,
    139,
    146,
    189,
    205,
    205,
    202,
    138,
    138,
    106,
    96,
    131,
    140,
    142,
    142,
    134,
    204,
    204,
    188,
    189,
    205,
    202,
    202,
    138,
    138,
    106,
    96,
    133,
    133,
    140,
    142,
    144,
    179,
    208,
    203,
    205,
    205,
    202,
    210,
    125,
    125,
    91,
    89,
    132,
    132,
    133,
    131,
    161,
    161,
    207,
    206,
    187,
    187,
    177,
    183,
    125,
    91,
    51,
    52,
    132,
    132,
    133,
    131,
    121,
    121,
    161,
    176
  ],
  [
    89,
    89,
    76,
    93,
    141,
    117,
    46,
    34,
    22,
    22,
    28,
    28,
    25,
    86,
    118,
    142,
    64,
    64,
    63,
    63,
    130,
    130,
    34,
    12,
    22,
    10,
    10,
    28,
    25,
    86,
    118,
    142,
    69,
    64,
    77,
    77,
    132,
    132,
    12,
    38,
    10,
    10,
    10,
    13,
    25,
    86,
    118,
    145,
    69,
    69,
    79,
    79,
    132,
    132,
    38,
    1,
    23,
    23,
    23,
    13,
    31,
    87,
    115,
    145,
    60,
    102,
    99,
    94,
    160,
    120,
    44,
    11,
    26,
    32,
    32,
    16,
    18,
    66,
    129,
    129,
    104,
    104,
    104,
    102,
    161,
    120,
    40,
    35,
    37,
    16,
    31,
    31,
    17,
    84,
    116,
    151,
    107,
    107,
    104,
    104,
    161,
    120,
    47,
    10,
    54,
    54,
    58,
    58,
    55,
    74,
    148,
    191,
    139,
    139,
    134,
    134,
    161,
    161,
    64,
    64,
    115,
    115,
    109,
    109,
    114,
    148,
    197,
    215,
    233,
    233,
    224,
    224,
    209,
    180,
    142,
    157,
    82,
    82,
    87,
    109,
    108,
    108,
    136,
    135,
    233,
    223,
    220,
    220,
    208,
    184,
    144,
    142,
    69,
    82,
    86,
    105,
    108,
    108,
    135,
    139,
    223,
    232,
    219,
    219,
    203,
    178,
    138,
    144,
    69,
    82,
    86,
    105,
    107,
    107,
    135,
    139,
    221,
    221,
    218,
    216,
    205,
    187,
    138,
    138,
    98,
    69,
    95,
    78,
    107,
    107,
    139,
    146,
    189,
    205,
    205,
    202,
    138,
    138,
    106,
    96,
    133,
    131,
    140,
    142,
    144,
    184,
    208,
    203,
    203,
    205,
    202,
    202,
    138,
    125,
    91,
    89,
    132,
    132,
    133,
    140,
    144,
    179,
    208,
    203,
    203,
    205,
    202,
    210,
    125,
    125,
    91,
    89,
    132,
    132,
    132,
    133,
    121,
    161,
    161,
    161,
    187,
    187,
    176,
    177,
    125,
    91,
    51,
    52,
    68,
    92,
    92,
    79,
    98,
    121,
    121,
    121
  ],
  [
    64,
    64,
    64,
    63,
    130,
    130,
    68,
    34,
    22,
    22,
    22,
    28,
    25,
    53,
    86,
    157,
    64,
    64,
    64,
    77,
    132,
    132,
    68,
    12,
    22,
    10,
    10,
    13,
    25,
    53,
    86,
    145,
    82,
    69,
    69,
    79,
    132,
    132,
    57,
    38,
    10,
    10,
    23,
    13,
    31,
    54,
    87,
    152,
    82,
    69,
    69,
    69,
    133,
    132,
    57,
    15,
    10,
    23,
    23,
    13,
    31,
    54,
    87,
    152,
    104,
    104,
    102,
    101,
    161,
    120,
    63,
    44,
    42,
    32,
    16,
    16,
    18,
    50,
    83,
    151,
    107,
    107,
    104,
    104,
    144,
    120,
    64,
    22,
    25,
    31,
    31,
    31,
    17,
    55,
    84,
    150,
    107,
    107,
    107,
    104,
    179,
    161,
    64,
    47,
    86,
    87,
    87,
    58,
    73,
    74,
    148,
    197,
    139,
    139,
    139,
    134,
    208,
    207,
    120,
    64,
    118,
    115,
    115,
    109,
    114,
    148,
    197,
    229,
    233,
    223,
    220,
    220,
    208,
    208,
    184,
    142,
    69,
    82,
    82,
    86,
    108,
    108,
    136,
    135,
    233,
    223,
    232,
    219,
    188,
    203,
    178,
    144,
    98,
    69,
    82,
    86,
    107,
    107,
    135,
    139,
    223,
    232,
    221,
    219,
    189,
    203,
    187,
    138,
    98,
    69,
    69,
    86,
    107,
    107,
    139,
    139,
    232,
    221,
    218,
    216,
    205,
    205,
    187,
    138,
    98,
    98,
    69,
    95,
    104,
    107,
    139,
    139,
    188,
    189,
    205,
    205,
    138,
    138,
    106,
    106,
    159,
    133,
    133,
    140,
    144,
    144,
    179,
    208,
    203,
    205,
    205,
    202,
    138,
    125,
    125,
    91,
    130,
    132,
    132,
    133,
    161,
    161,
    161,
    207,
    178,
    187,
    187,
    176,
    125,
    125,
    91,
    51,
    130,
    132,
    132,
    133,
    121,
    121,
    161,
    161,
    144,
    138,
    138,
    176,
    91,
    91,
    51,
    36,
    68,
    68,
    57,
    79,
    64,
    64,
    98,
    121
  ],
  [
    64,
    64,
    64,
    63,
    159,
    130,
    68,
    34,
    22,
    22,
    10,
    28,
    25,
    25,
    86,
    118,
    69,
    69,
    69,
    79,
    133,
    132,
    92,
    38,
    22,
    10,
    10,
    23,
    37,
    31,
    87,
    115,
    82,
    82,
    69,
    69,
    131,
    132,
    92,
    15,
    10,
    10,
    23,
    23,
    31,
    31,
    87,
    115,
    86,
    86,
    95,
    95,
    140,
    133,
    92,
    15,
    10,
    10,
    23,
    13,
    31,
    43,
    109,
    109,
    104,
    104,
    104,
    102,
    144,
    161,
    63,
    40,
    37,
    37,
    16,
    16,
    9,
    17,
    84,
    116,
    107,
    107,
    107,
    104,
    144,
    161,
    64,
    22,
    25,
    31,
    31,
    31,
    17,
    33,
    74,
    114,
    107,
    139,
    139,
    134,
    184,
    161,
    120,
    64,
    86,
    87,
    87,
    87,
    84,
    114,
    148,
    197,
    135,
    139,
    139,
    134,
    208,
    207,
    161,
    98,
    157,
    157,
    152,
    152,
    150,
    148,
    197,
    229,
    233,
    223,
    223,
    220,
    204,
    208,
    184,
    144,
    98,
    69,
    82,
    81,
    104,
    107,
    135,
    135,
    223,
    232,
    232,
    232,
    188,
    203,
    178,
    138,
    98,
    98,
    69,
    81,
    104,
    107,
    139,
    139,
    223,
    232,
    221,
    218,
    189,
    205,
    187,
    138,
    98,
    98,
    69,
    95,
    104,
    107,
    139,
    139,
    220,
    219,
    218,
    216,
    205,
    202,
    176,
    125,
    97,
    77,
    79,
    69,
    104,
    104,
    134,
    134,
    208,
    203,
    205,
    205,
    138,
    125,
    125,
    91,
    130,
    132,
    132,
    133,
    161,
    144,
    179,
    208,
    208,
    203,
    205,
    205,
    138,
    125,
    125,
    91,
    130,
    132,
    132,
    132,
    121,
    121,
    161,
    161,
    179,
    178,
    187,
    187,
    106,
    125,
    91,
    51,
    68,
    68,
    92,
    92,
    63,
    64,
    121,
    121,
    144,
    138,
    138,
    138,
    106,
    91,
    51,
    36,
    34,
    12,
    38,
    15,
    40,
    22,
    64,
    98
  ],
  [
    69,
    69,
    69,
    64,
    131,
    132,
    132,
    68,
    22,
    22,
    10,
    10,
    37,
    25,
    53,
    86,
    82,
    82,
    82,
    69,
    131,
    133,
    132,
    57,
    22,
    10,
    10,
    23,
    16,
    31,
    54,
    87,
    86,
    86,
    86,
    95,
    140,
    131,
    133,
    30,
    22,
    10,
    10,
    23,
    16,
    31,
    54,
    87,
    86,
    86,
    86,
    95,
    142,
    140,
    133,
    30,
    28,
    13,
    13,
    13,
    31,
    31,
    58,
    109,
    78,
    78,
    104,
    104,
    144,
    144,
    120,
    47,
    25,
    25,
    31,
    31,
    9,
    17,
    55,
    73,
    108,
    108,
    107,
    107,
    134,
    144,
    120,
    64,
    53,
    53,
    54,
    54,
    50,
    55,
    74,
    114,
    135,
    135,
    139,
    139,
    204,
    208,
    161,
    98,
    118,
    118,
    115,
    115,
    116,
    114,
    148,
    197,
    139,
    139,
    139,
    146,
    188,
    203,
    161,
    121,
    142,
    142,
    157,
    157,
    151,
    149,
    191,
    215,
    233,
    223,
    232,
    232,
    188,
    203,
    203,
    138,
    98,
    98,
    98,
    69,
    104,
    107,
    107,
    139,
    233,
    232,
    221,
    221,
    189,
    205,
    205,
    138,
    89,
    98,
    98,
    69,
    104,
    104,
    107,
    139,
    224,
    232,
    221,
    218,
    205,
    205,
    205,
    138,
    89,
    98,
    98,
    69,
    102,
    104,
    104,
    134,
    224,
    219,
    216,
    216,
    205,
    202,
    202,
    177,
    76,
    97,
    77,
    79,
    101,
    102,
    104,
    134,
    209,
    203,
    205,
    205,
    138,
    125,
    125,
    91,
    130,
    130,
    132,
    132,
    154,
    161,
    161,
    207,
    180,
    178,
    187,
    187,
    138,
    125,
    125,
    91,
    130,
    130,
    132,
    132,
    121,
    121,
    121,
    161,
    142,
    144,
    138,
    138,
    106,
    91,
    91,
    51,
    46,
    68,
    68,
    57,
    40,
    47,
    64,
    98,
    142,
    144,
    138,
    138,
    96,
    89,
    89,
    27,
    34,
    34,
    12,
    15,
    40,
    22,
    47,
    64
  ],
  [
    82,
    82,
    82,
    69,
    131,
    133,
    132,
    57,
    22,
    22,
    10,
    10,
    42,
    31,
    54,
    87,
    87,
    81,
    81,
    81,
    140,
    131,
    132,
    57,
    22,
    10,
    10,
    23,
    16,
    31,
    54,
    87,
    87,
    86,
    86,
    86,
    142,
    140,
    133,
    79,
    28,
    28,
    13,
    13,
    16,
    31,
    43,
    109,
    58,
    109,
    105,
    105,
    142,
    142,
    131,
    79,
    28,
    28,
    13,
    13,
    31,
    31,
    43,
    109,
    61,
    61,
    107,
    107,
    134,
    144,
    120,
    64,
    25,
    25,
    25,
    31,
    9,
    17,
    55,
    74,
    108,
    108,
    107,
    107,
    165,
    179,
    161,
    98,
    86,
    86,
    86,
    87,
    83,
    84,
    74,
    114,
    136,
    136,
    135,
    139,
    204,
    208,
    161,
    120,
    157,
    157,
    157,
    152,
    151,
    150,
    148,
    197,
    139,
    139,
    139,
    146,
    188,
    203,
    176,
    125,
    144,
    142,
    142,
    142,
    152,
    152,
    158,
    192,
    233,
    223,
    232,
    221,
    189,
    189,
    205,
    187,
    89,
    98,
    98,
    69,
    104,
    104,
    107,
    139,
    233,
    223,
    232,
    221,
    189,
    205,
    205,
    187,
    89,
    98,
    98,
    69,
    102,
    104,
    107,
    139,
    224,
    220,
    219,
    218,
    205,
    205,
    202,
    176,
    76,
    97,
    97,
    79,
    101,
    102,
    104,
    134,
    224,
    220,
    219,
    216,
    202,
    202,
    210,
    183,
    93,
    97,
    97,
    79,
    94,
    101,
    102,
    122,
    209,
    208,
    203,
    205,
    138,
    138,
    125,
    91,
    117,
    130,
    130,
    132,
    121,
    121,
    121,
    161,
    180,
    179,
    178,
    187,
    138,
    138,
    125,
    91,
    88,
    68,
    68,
    92,
    63,
    63,
    98,
    121,
    142,
    144,
    138,
    138,
    106,
    106,
    91,
    51,
    46,
    34,
    34,
    38,
    44,
    40,
    47,
    64,
    145,
    142,
    144,
    138,
    96,
    96,
    89,
    52,
    34,
    12,
    38,
    38,
    35,
    35,
    10,
    64
  ],
  [
    82,
    82,
    82,
    82,
    140,
    131,
    132,
    92,
    22,
    22,
    22,
    10,
    42,
    37,
    31,
    54,
    87,
    87,
    86,
    86,
    145,
    140,
    133,
    79,
    22,
    22,
    10,
    10,
    32,
    31,
    31,
    58,
    58,
    109,
    109,
    105,
    143,
    142,
    131,
    79,
    28,
    28,
    28,
    13,
    16,
    31,
    43,
    58,
    58,
    109,
    109,
    105,
    143,
    142,
    140,
    69,
    28,
    28,
    28,
    13,
    16,
    31,
    43,
    58,
    61,
    108,
    108,
    107,
    139,
    134,
    161,
    98,
    56,
    25,
    25,
    31,
    18,
    17,
    33,
    74,
    108,
    136,
    135,
    139,
    204,
    184,
    161,
    120,
    95,
    86,
    86,
    87,
    66,
    84,
    74,
    114,
    136,
    136,
    135,
    139,
    204,
    208,
    207,
    161,
    142,
    142,
    157,
    157,
    129,
    151,
    148,
    191,
    139,
    139,
    139,
    146,
    188,
    189,
    202,
    176,
    144,
    144,
    144,
    142,
    140,
    152,
    158,
    192,
    233,
    223,
    232,
    232,
    189,
    189,
    205,
    187,
    91,
    89,
    98,
    98,
    102,
    104,
    107,
    107,
    224,
    220,
    219,
    219,
    205,
    205,
    202,
    176,
    75,
    76,
    97,
    77,
    99,
    102,
    104,
    104,
    224,
    220,
    219,
    219,
    205,
    202,
    202,
    177,
    93,
    93,
    97,
    77,
    94,
    101,
    104,
    104,
    235,
    235,
    243,
    243,
    202,
    210,
    201,
    183,
    93,
    93,
    85,
    100,
    98,
    94,
    102,
    102,
    186,
    179,
    178,
    178,
    138,
    138,
    125,
    91,
    117,
    130,
    130,
    132,
    121,
    121,
    121,
    121,
    142,
    179,
    178,
    178,
    106,
    106,
    125,
    91,
    88,
    46,
    68,
    68,
    85,
    63,
    64,
    98,
    142,
    142,
    144,
    138,
    106,
    106,
    91,
    51,
    46,
    46,
    34,
    12,
    44,
    40,
    22,
    47,
    145,
    142,
    144,
    144,
    96,
    96,
    89,
    52,
    34,
    12,
    38,
    38,
    30,
    41,
    23,
    23
  ],
  [
    54,
    87,
    87,
    81,
    145,
    140,
    133,
    132,
    49,
    28,
    28,
    28,
    42,
    37,
    31,
    43,
    54,
    87,
    87,
    86,
    157,
    142,
    131,
    133,
    49,
    28,
    28,
    28,
    42,
    16,
    31,
    43,
    58,
    109,
    109,
    105,
    158,
    136,
    142,
    140,
    49,
    28,
    28,
    28,
    42,
    16,
    31,
    43,
    58,
    109,
    109,
    112,
    158,
    136,
    142,
    140,
    49,
    28,
    28,
    28,
    37,
    31,
    43,
    43,
    61,
    108,
    108,
    108,
    190,
    165,
    179,
    120,
    95,
    56,
    53,
    53,
    66,
    50,
    55,
    55,
    108,
    136,
    136,
    135,
    190,
    204,
    208,
    161,
    142,
    95,
    118,
    118,
    129,
    116,
    116,
    114,
    135,
    136,
    135,
    139,
    204,
    188,
    203,
    161,
    184,
    144,
    142,
    142,
    140,
    151,
    150,
    148,
    139,
    139,
    139,
    146,
    188,
    189,
    205,
    176,
    178,
    138,
    138,
    144,
    140,
    145,
    157,
    143,
    224,
    224,
    220,
    220,
    189,
    205,
    205,
    205,
    137,
    75,
    76,
    97,
    99,
    101,
    104,
    104,
    224,
    224,
    220,
    220,
    203,
    205,
    202,
    202,
    137,
    75,
    76,
    97,
    94,
    99,
    102,
    104,
    235,
    235,
    243,
    243,
    202,
    202,
    210,
    210,
    127,
    93,
    93,
    85,
    98,
    94,
    101,
    102,
    200,
    235,
    213,
    213,
    202,
    202,
    210,
    183,
    127,
    93,
    93,
    85,
    64,
    64,
    94,
    101,
    142,
    186,
    179,
    179,
    138,
    138,
    125,
    91,
    117,
    88,
    88,
    68,
    85,
    85,
    97,
    98,
    142,
    142,
    144,
    144,
    96,
    106,
    91,
    91,
    88,
    46,
    46,
    34,
    44,
    44,
    40,
    47,
    118,
    145,
    142,
    144,
    96,
    96,
    89,
    89,
    46,
    46,
    34,
    12,
    11,
    11,
    35,
    10,
    115,
    152,
    145,
    142,
    101,
    99,
    64,
    64,
    68,
    12,
    12,
    38,
    30,
    30,
    42,
    37
  ],
  [
    54,
    87,
    87,
    86,
    152,
    145,
    131,
    133,
    49,
    28,
    28,
    28,
    42,
    42,
    31,
    43,
    58,
    58,
    109,
    109,
    158,
    143,
    142,
    131,
    49,
    28,
    28,
    28,
    42,
    16,
    31,
    43,
    58,
    109,
    109,
    109,
    158,
    143,
    142,
    140,
    49,
    28,
    28,
    28,
    37,
    16,
    31,
    43,
    109,
    109,
    109,
    109,
    192,
    195,
    186,
    181,
    60,
    49,
    49,
    49,
    37,
    16,
    54,
    43,
    61,
    108,
    108,
    108,
    190,
    165,
    179,
    161,
    95,
    95,
    95,
    86,
    66,
    66,
    84,
    74,
    108,
    136,
    136,
    136,
    190,
    204,
    208,
    207,
    142,
    142,
    142,
    118,
    129,
    129,
    116,
    114,
    107,
    135,
    135,
    139,
    204,
    188,
    203,
    206,
    184,
    144,
    144,
    144,
    140,
    140,
    152,
    158,
    107,
    139,
    139,
    146,
    204,
    189,
    205,
    202,
    187,
    138,
    138,
    138,
    140,
    140,
    142,
    136,
    209,
    224,
    224,
    220,
    203,
    205,
    205,
    202,
    137,
    113,
    75,
    97,
    94,
    94,
    102,
    104,
    209,
    224,
    224,
    220,
    203,
    205,
    202,
    210,
    127,
    127,
    93,
    97,
    98,
    94,
    99,
    102,
    200,
    235,
    235,
    243,
    206,
    202,
    210,
    201,
    127,
    127,
    93,
    85,
    98,
    98,
    94,
    102,
    181,
    200,
    235,
    213,
    176,
    176,
    183,
    183,
    127,
    93,
    93,
    85,
    64,
    64,
    60,
    60,
    95,
    142,
    180,
    179,
    96,
    106,
    106,
    91,
    117,
    88,
    46,
    68,
    85,
    85,
    63,
    64,
    95,
    142,
    142,
    144,
    96,
    106,
    106,
    91,
    88,
    46,
    46,
    34,
    44,
    44,
    40,
    22,
    86,
    118,
    142,
    142,
    101,
    96,
    96,
    89,
    68,
    34,
    34,
    12,
    11,
    30,
    41,
    23,
    87,
    115,
    145,
    145,
    101,
    101,
    94,
    64,
    68,
    12,
    38,
    38,
    26,
    26,
    42,
    37
  ],
  [
    54,
    54,
    87,
    87,
    150,
    157,
    142,
    131,
    60,
    49,
    28,
    28,
    23,
    42,
    31,
    31,
    43,
    58,
    58,
    109,
    148,
    143,
    142,
    140,
    60,
    49,
    28,
    28,
    23,
    37,
    31,
    31,
    109,
    109,
    109,
    109,
    191,
    195,
    186,
    181,
    60,
    60,
    49,
    28,
    23,
    37,
    31,
    43,
    109,
    109,
    158,
    158,
    197,
    195,
    209,
    200,
    102,
    102,
    60,
    49,
    23,
    37,
    54,
    58,
    61,
    108,
    108,
    136,
    195,
    204,
    184,
    161,
    142,
    142,
    142,
    118,
    140,
    129,
    116,
    116,
    108,
    136,
    136,
    136,
    195,
    204,
    208,
    207,
    186,
    186,
    142,
    142,
    140,
    129,
    151,
    150,
    107,
    135,
    135,
    139,
    190,
    204,
    203,
    202,
    178,
    178,
    138,
    138,
    140,
    140,
    145,
    157,
    104,
    134,
    134,
    134,
    204,
    188,
    205,
    202,
    187,
    187,
    138,
    138,
    160,
    131,
    142,
    142,
    186,
    224,
    224,
    224,
    203,
    205,
    202,
    202,
    183,
    127,
    127,
    93,
    89,
    98,
    99,
    102,
    181,
    235,
    235,
    235,
    206,
    202,
    202,
    201,
    183,
    127,
    127,
    93,
    89,
    98,
    94,
    101,
    181,
    200,
    235,
    235,
    161,
    176,
    177,
    183,
    183,
    127,
    93,
    93,
    89,
    64,
    64,
    99,
    140,
    181,
    200,
    200,
    161,
    125,
    137,
    127,
    127,
    127,
    93,
    52,
    52,
    64,
    64,
    60,
    56,
    95,
    142,
    142,
    96,
    106,
    106,
    91,
    117,
    88,
    46,
    46,
    52,
    44,
    44,
    47,
    53,
    118,
    145,
    142,
    101,
    96,
    96,
    89,
    88,
    88,
    46,
    34,
    44,
    11,
    35,
    10,
    53,
    118,
    145,
    145,
    101,
    101,
    96,
    89,
    68,
    68,
    12,
    12,
    30,
    30,
    30,
    42,
    54,
    115,
    152,
    157,
    95,
    102,
    99,
    64,
    92,
    57,
    38,
    38,
    26,
    2,
    32,
    16
  ],
  [
    43,
    58,
    58,
    109,
    149,
    158,
    142,
    140,
    60,
    60,
    49,
    28,
    10,
    42,
    37,
    31,
    58,
    58,
    109,
    109,
    148,
    158,
    136,
    142,
    102,
    60,
    49,
    28,
    23,
    37,
    31,
    31,
    109,
    109,
    109,
    158,
    197,
    192,
    190,
    209,
    102,
    60,
    60,
    49,
    23,
    37,
    54,
    54,
    109,
    109,
    158,
    158,
    215,
    228,
    190,
    209,
    102,
    102,
    102,
    60,
    69,
    82,
    54,
    54,
    61,
    108,
    108,
    136,
    192,
    190,
    204,
    208,
    186,
    142,
    142,
    142,
    140,
    129,
    116,
    116,
    108,
    108,
    136,
    136,
    195,
    204,
    188,
    203,
    209,
    180,
    180,
    142,
    140,
    140,
    151,
    151,
    107,
    107,
    139,
    139,
    190,
    204,
    189,
    203,
    203,
    187,
    187,
    138,
    161,
    140,
    145,
    157,
    104,
    104,
    134,
    134,
    204,
    188,
    205,
    202,
    205,
    187,
    187,
    138,
    154,
    131,
    140,
    142,
    186,
    209,
    224,
    224,
    203,
    203,
    202,
    210,
    183,
    183,
    127,
    93,
    89,
    98,
    94,
    101,
    181,
    200,
    235,
    235,
    206,
    202,
    202,
    201,
    183,
    127,
    127,
    93,
    89,
    64,
    64,
    94,
    140,
    181,
    200,
    235,
    161,
    176,
    177,
    183,
    183,
    127,
    127,
    93,
    89,
    64,
    64,
    60,
    69,
    140,
    181,
    181,
    121,
    125,
    137,
    127,
    127,
    127,
    93,
    51,
    52,
    47,
    47,
    49,
    56,
    95,
    142,
    142,
    101,
    96,
    106,
    91,
    117,
    88,
    46,
    46,
    27,
    44,
    44,
    40,
    53,
    86,
    118,
    145,
    101,
    96,
    96,
    89,
    130,
    68,
    68,
    34,
    44,
    11,
    11,
    35,
    54,
    87,
    115,
    152,
    95,
    101,
    99,
    64,
    132,
    68,
    68,
    12,
    30,
    30,
    26,
    42,
    54,
    87,
    115,
    152,
    95,
    102,
    102,
    94,
    132,
    92,
    57,
    15,
    26,
    26,
    32,
    16
  ]
]