[
  0,
  658180,
  789513,
  1117968,
  1249035,
  1118480,
  1118733,
  856843,
  726021,
  464137,
  988945,
  727045,
  1186062,
  269060,
  400139,
  858892,
  1186577,
  925201,
  1646104,
  1580823,
  401931,
  1909265,
  860942,
  1057551,
  1319701,
  74755,
  795667,
  1516569,
  1713179,
  1909774,
  665112,
  1452313,
  403988,
  731662,
  1387028,
  1583639,
  2042399,
  11009,
  731923,
  273418,
  1256462,
  732952,
  1060614,
  667921,
  1192454,
  1389077,
  275220,
  78862,
  144641,
  668943,
  1324313,
  931328,
  1193487,
  1717793,
  866072,
  1849117,
  342292,
  1063175,
  1325334,
  408585,
  81153,
  670986,
  1719586,
  605719,
  1195547,
  1850909,
  868354,
  934430,
  999956,
  17155,
  672522,
  410901,
  1066265,
  1721636,
  1852957,
  1328917,
  1460241,
  1002007,
  1853985,
  1133598,
  19730,
  2116900,
  151041,
  1789468,
  2117162,
  872216,
  1528091,
  1790243,
  21011,
  1200659,
  676621,
  1397518,
  2642735,
  1725470,
  677145,
  153089,
  808470,
  940062,
  2709553,
  2185510,
  809490,
  1661450,
  2185773,
  23297,
  1792796,
  417036,
  1465883,
  1728553,
  680458,
  1466912,
  1729054,
  418566,
  2909237,
  1860899,
  2778926,
  551184,
  1337623,
  1599750,
  2255153,
  1338142,
  2321196,
  3173164,
  27912,
  2256423,
  3436855,
  3109434,
  1340449,
  1668126,
  95489,
  1668642,
  4224830,
  3045938,
  3177021,
  1539072,
  2457392,
  3505968,
  2327082,
  3900481,
  1869352,
  3835454,
  1869593,
  35072,
  3574585,
  4820551,
  3379767,
  5085007,
  3905589,
  4430913,
  2268464,
  5676635,
  4431689,
  5021525,
  2072878,
  4366663,
  5678684,
  7054953,
  3974976,
  5548882,
  6597482,
  5811551,
  7253614,
  7384694,
  5879388,
  4437821,
  5094474,
  5094998,
  6078051,
  6602347,
  4964435,
  5554274,
  6604394,
  8374652,
  4508233,
  6605422,
  7786366,
  6803824,
  8573570,
  8770188,
  6872428,
  5891157,
  7792255,
  7137141,
  6482292,
  7795070,
  10024084,
  7796354,
  9239702,
  8060549,
  10289051,
  10485672,
  16777215,
  0,
  0,
  0,
  0,
  0,
  0,
  0,
  0,
  0,
  0,
  0,
  0,
  0,
  0,
  0,
  0,
  0,
  0,
  0,
  0,
  0,
  0,
  0,
  0,
  0,
  0,
  0,
  0,
  0,
  0,
  0,
  0,
  0,
  0,
  0,
  0,
  0,
  0,
  0,
  0,
  0,
  0,
  0,
  0,
  0,
  0,
  0,
  0,
  0,
  0,
  0,
  0,
  0,
  0,
  0,
  0,
  0,
  0,
  0,
  0,
  0,
  0,
  0,
  0,
  0
]


[
  [
    112,
    24,
    87,
    162,
    38,
    7,
    28,
    27,
    6,
    167,
    5,
    6,
    2,
    2,
    2,
    2,
    112,
    24,
    83,
    175,
    24,
    12,
    106,
    48,
    6,
    164,
    12,
    6,
    6,
    2,
    2,
    2,
    25,
    24,
    81,
    120,
    64,
    16,
    82,
    25,
    6,
    69,
    17,
    6,
    16,
    2,
    2,
    2,
    37,
    38,
    86,
    79,
    71,
    7,
    54,
    169,
    12,
    171,
    16,
    16,
    16,
    2,
    2,
    2,
    113,
    34,
    77,
    16,
    28,
    22,
    85,
    176,
    17,
    16,
    6,
    24,
    135,
    6,
    2,
    6,
    33,
    24,
    102,
    16,
    15,
    20,
    105,
    109,
    7,
    2,
    2,
    50,
    150,
    16,
    2,
    5,
    139,
    31,
    100,
    15,
    27,
    58,
    173,
    26,
    2,
    2,
    6,
    41,
    73,
    7,
    2,
    21,
    73,
    50,
    129,
    17,
    28,
    86,
    174,
    15,
    2,
    2,
    6,
    32,
    50,
    7,
    2,
    35,
    59,
    45,
    123,
    16,
    12,
    15,
    43,
    12,
    2,
    5,
    6,
    65,
    48,
    2,
    2,
    26,
    31,
    16,
    62,
    15,
    24,
    7,
    150,
    16,
    2,
    2,
    7,
    71,
    138,
    2,
    4,
    117,
    25,
    5,
    15,
    15,
    24,
    7,
    166,
    15,
    2,
    24,
    7,
    106,
    128,
    2,
    5,
    156,
    15,
    7,
    26,
    17,
    32,
    17,
    136,
    24,
    6,
    24,
    6,
    57,
    95,
    2,
    6,
    111,
    59,
    12,
    34,
    26,
    131,
    13,
    170,
    38,
    7,
    82,
    2,
    6,
    18,
    2,
    6,
    146,
    17,
    5,
    42,
    23,
    60,
    24,
    143,
    45,
    7,
    127,
    7,
    6,
    16,
    2,
    5,
    72,
    43,
    15,
    44,
    26,
    87,
    8,
    6,
    15,
    6,
    64,
    7,
    5,
    38,
    2,
    6,
    76,
    110,
    20,
    60,
    24,
    82,
    7,
    6,
    27,
    5,
    75,
    16,
    6,
    30,
    2,
    6,
    177
  ],
  [
    110,
    20,
    60,
    24,
    82,
    7,
    6,
    27,
    5,
    75,
    16,
    6,
    30,
    2,
    6,
    177,
    112,
    24,
    87,
    162,
    38,
    7,
    28,
    27,
    6,
    167,
    5,
    6,
    2,
    2,
    2,
    2,
    112,
    24,
    83,
    175,
    24,
    12,
    106,
    48,
    6,
    164,
    12,
    6,
    6,
    2,
    2,
    2,
    25,
    24,
    81,
    120,
    64,
    16,
    82,
    25,
    6,
    69,
    17,
    6,
    16,
    2,
    2,
    2,
    37,
    38,
    86,
    79,
    71,
    7,
    54,
    169,
    12,
    171,
    16,
    16,
    16,
    2,
    2,
    2,
    113,
    34,
    77,
    16,
    28,
    22,
    85,
    176,
    17,
    16,
    6,
    24,
    135,
    6,
    2,
    6,
    33,
    24,
    102,
    16,
    15,
    20,
    105,
    109,
    7,
    2,
    2,
    50,
    150,
    16,
    2,
    5,
    139,
    31,
    100,
    15,
    27,
    58,
    173,
    26,
    2,
    2,
    6,
    41,
    73,
    7,
    2,
    21,
    73,
    50,
    129,
    17,
    28,
    86,
    174,
    15,
    2,
    2,
    6,
    32,
    50,
    7,
    2,
    35,
    59,
    45,
    123,
    16,
    12,
    15,
    43,
    12,
    2,
    5,
    6,
    65,
    48,
    2,
    2,
    26,
    31,
    16,
    62,
    15,
    24,
    7,
    150,
    16,
    2,
    2,
    7,
    71,
    138,
    2,
    4,
    117,
    25,
    5,
    15,
    15,
    24,
    7,
    166,
    15,
    2,
    24,
    7,
    106,
    128,
    2,
    5,
    156,
    15,
    7,
    26,
    17,
    32,
    17,
    136,
    24,
    6,
    24,
    6,
    57,
    95,
    2,
    6,
    111,
    59,
    12,
    34,
    26,
    131,
    13,
    170,
    38,
    7,
    82,
    2,
    6,
    18,
    2,
    6,
    146,
    17,
    5,
    42,
    23,
    60,
    24,
    143,
    45,
    7,
    127,
    7,
    6,
    16,
    2,
    5,
    72,
    43,
    15,
    44,
    26,
    87,
    8,
    6,
    15,
    6,
    64,
    7,
    5,
    38,
    2,
    6,
    76
  ],
  [
    43,
    15,
    44,
    26,
    87,
    8,
    6,
    15,
    6,
    64,
    7,
    5,
    38,
    2,
    6,
    76,
    110,
    20,
    60,
    24,
    82,
    7,
    6,
    27,
    5,
    75,
    16,
    6,
    30,
    2,
    6,
    177,
    112,
    24,
    87,
    162,
    38,
    7,
    28,
    27,
    6,
    167,
    5,
    6,
    2,
    2,
    2,
    2,
    112,
    24,
    83,
    175,
    24,
    12,
    106,
    48,
    6,
    164,
    12,
    6,
    6,
    2,
    2,
    2,
    25,
    24,
    81,
    120,
    64,
    16,
    82,
    25,
    6,
    69,
    17,
    6,
    16,
    2,
    2,
    2,
    37,
    38,
    86,
    79,
    71,
    7,
    54,
    169,
    12,
    171,
    16,
    16,
    16,
    2,
    2,
    2,
    113,
    34,
    77,
    16,
    28,
    22,
    85,
    176,
    17,
    16,
    6,
    24,
    135,
    6,
    2,
    6,
    33,
    24,
    102,
    16,
    15,
    20,
    105,
    109,
    7,
    2,
    2,
    50,
    150,
    16,
    2,
    5,
    139,
    31,
    100,
    15,
    27,
    58,
    173,
    26,
    2,
    2,
    6,
    41,
    73,
    7,
    2,
    21,
    73,
    50,
    129,
    17,
    28,
    86,
    174,
    15,
    2,
    2,
    6,
    32,
    50,
    7,
    2,
    35,
    59,
    45,
    123,
    16,
    12,
    15,
    43,
    12,
    2,
    5,
    6,
    65,
    48,
    2,
    2,
    26,
    31,
    16,
    62,
    15,
    24,
    7,
    150,
    16,
    2,
    2,
    7,
    71,
    138,
    2,
    4,
    117,
    25,
    5,
    15,
    15,
    24,
    7,
    166,
    15,
    2,
    24,
    7,
    106,
    128,
    2,
    5,
    156,
    15,
    7,
    26,
    17,
    32,
    17,
    136,
    24,
    6,
    24,
    6,
    57,
    95,
    2,
    6,
    111,
    59,
    12,
    34,
    26,
    131,
    13,
    170,
    38,
    7,
    82,
    2,
    6,
    18,
    2,
    6,
    146,
    17,
    5,
    42,
    23,
    60,
    24,
    143,
    45,
    7,
    127,
    7,
    6,
    16,
    2,
    5,
    72
  ],
  [
    17,
    5,
    42,
    23,
    60,
    24,
    143,
    45,
    7,
    127,
    7,
    6,
    16,
    2,
    5,
    72,
    43,
    15,
    44,
    26,
    87,
    8,
    6,
    15,
    6,
    64,
    7,
    5,
    38,
    2,
    6,
    76,
    110,
    20,
    60,
    24,
    82,
    7,
    6,
    27,
    5,
    75,
    16,
    6,
    30,
    2,
    6,
    177,
    112,
    24,
    87,
    162,
    38,
    7,
    28,
    27,
    6,
    167,
    5,
    6,
    2,
    2,
    2,
    2,
    112,
    24,
    83,
    175,
    24,
    12,
    106,
    48,
    6,
    164,
    12,
    6,
    6,
    2,
    2,
    2,
    25,
    24,
    81,
    120,
    64,
    16,
    82,
    25,
    6,
    69,
    17,
    6,
    16,
    2,
    2,
    2,
    37,
    38,
    86,
    79,
    71,
    7,
    54,
    169,
    12,
    171,
    16,
    16,
    16,
    2,
    2,
    2,
    113,
    34,
    77,
    16,
    28,
    22,
    85,
    176,
    17,
    16,
    6,
    24,
    135,
    6,
    2,
    6,
    33,
    24,
    102,
    16,
    15,
    20,
    105,
    109,
    7,
    2,
    2,
    50,
    150,
    16,
    2,
    5,
    139,
    31,
    100,
    15,
    27,
    58,
    173,
    26,
    2,
    2,
    6,
    41,
    73,
    7,
    2,
    21,
    73,
    50,
    129,
    17,
    28,
    86,
    174,
    15,
    2,
    2,
    6,
    32,
    50,
    7,
    2,
    35,
    59,
    45,
    123,
    16,
    12,
    15,
    43,
    12,
    2,
    5,
    6,
    65,
    48,
    2,
    2,
    26,
    31,
    16,
    62,
    15,
    24,
    7,
    150,
    16,
    2,
    2,
    7,
    71,
    138,
    2,
    4,
    117,
    25,
    5,
    15,
    15,
    24,
    7,
    166,
    15,
    2,
    24,
    7,
    106,
    128,
    2,
    5,
    156,
    15,
    7,
    26,
    17,
    32,
    17,
    136,
    24,
    6,
    24,
    6,
    57,
    95,
    2,
    6,
    111,
    59,
    12,
    34,
    26,
    131,
    13,
    170,
    38,
    7,
    82,
    2,
    6,
    18,
    2,
    6,
    146
  ],
  [
    59,
    12,
    34,
    26,
    131,
    13,
    170,
    38,
    7,
    82,
    2,
    6,
    18,
    2,
    6,
    146,
    17,
    5,
    42,
    23,
    60,
    24,
    143,
    45,
    7,
    127,
    7,
    6,
    16,
    2,
    5,
    72,
    43,
    15,
    44,
    26,
    87,
    8,
    6,
    15,
    6,
    64,
    7,
    5,
    38,
    2,
    6,
    76,
    110,
    20,
    60,
    24,
    82,
    7,
    6,
    27,
    5,
    75,
    16,
    6,
    30,
    2,
    6,
    177,
    112,
    24,
    87,
    162,
    38,
    7,
    28,
    27,
    6,
    167,
    5,
    6,
    2,
    2,
    2,
    2,
    112,
    24,
    83,
    175,
    24,
    12,
    106,
    48,
    6,
    164,
    12,
    6,
    6,
    2,
    2,
    2,
    25,
    24,
    81,
    120,
    64,
    16,
    82,
    25,
    6,
    69,
    17,
    6,
    16,
    2,
    2,
    2,
    37,
    38,
    86,
    79,
    71,
    7,
    54,
    169,
    12,
    171,
    16,
    16,
    16,
    2,
    2,
    2,
    113,
    34,
    77,
    16,
    28,
    22,
    85,
    176,
    17,
    16,
    6,
    24,
    135,
    6,
    2,
    6,
    33,
    24,
    102,
    16,
    15,
    20,
    105,
    109,
    7,
    2,
    2,
    50,
    150,
    16,
    2,
    5,
    139,
    31,
    100,
    15,
    27,
    58,
    173,
    26,
    2,
    2,
    6,
    41,
    73,
    7,
    2,
    21,
    73,
    50,
    129,
    17,
    28,
    86,
    174,
    15,
    2,
    2,
    6,
    32,
    50,
    7,
    2,
    35,
    59,
    45,
    123,
    16,
    12,
    15,
    43,
    12,
    2,
    5,
    6,
    65,
    48,
    2,
    2,
    26,
    31,
    16,
    62,
    15,
    24,
    7,
    150,
    16,
    2,
    2,
    7,
    71,
    138,
    2,
    4,
    117,
    25,
    5,
    15,
    15,
    24,
    7,
    166,
    15,
    2,
    24,
    7,
    106,
    128,
    2,
    5,
    156,
    15,
    7,
    26,
    17,
    32,
    17,
    136,
    24,
    6,
    24,
    6,
    57,
    95,
    2,
    6,
    111
  ],
  [
    15,
    7,
    26,
    17,
    32,
    17,
    136,
    24,
    6,
    24,
    6,
    57,
    95,
    2,
    6,
    111,
    59,
    12,
    34,
    26,
    131,
    13,
    170,
    38,
    7,
    82,
    2,
    6,
    18,
    2,
    6,
    146,
    17,
    5,
    42,
    23,
    60,
    24,
    143,
    45,
    7,
    127,
    7,
    6,
    16,
    2,
    5,
    72,
    43,
    15,
    44,
    26,
    87,
    8,
    6,
    15,
    6,
    64,
    7,
    5,
    38,
    2,
    6,
    76,
    110,
    20,
    60,
    24,
    82,
    7,
    6,
    27,
    5,
    75,
    16,
    6,
    30,
    2,
    6,
    177,
    112,
    24,
    87,
    162,
    38,
    7,
    28,
    27,
    6,
    167,
    5,
    6,
    2,
    2,
    2,
    2,
    112,
    24,
    83,
    175,
    24,
    12,
    106,
    48,
    6,
    164,
    12,
    6,
    6,
    2,
    2,
    2,
    25,
    24,
    81,
    120,
    64,
    16,
    82,
    25,
    6,
    69,
    17,
    6,
    16,
    2,
    2,
    2,
    37,
    38,
    86,
    79,
    71,
    7,
    54,
    169,
    12,
    171,
    16,
    16,
    16,
    2,
    2,
    2,
    113,
    34,
    77,
    16,
    28,
    22,
    85,
    176,
    17,
    16,
    6,
    24,
    135,
    6,
    2,
    6,
    33,
    24,
    102,
    16,
    15,
    20,
    105,
    109,
    7,
    2,
    2,
    50,
    150,
    16,
    2,
    5,
    139,
    31,
    100,
    15,
    27,
    58,
    173,
    26,
    2,
    2,
    6,
    41,
    73,
    7,
    2,
    21,
    73,
    50,
    129,
    17,
    28,
    86,
    174,
    15,
    2,
    2,
    6,
    32,
    50,
    7,
    2,
    35,
    59,
    45,
    123,
    16,
    12,
    15,
    43,
    12,
    2,
    5,
    6,
    65,
    48,
    2,
    2,
    26,
    31,
    16,
    62,
    15,
    24,
    7,
    150,
    16,
    2,
    2,
    7,
    71,
    138,
    2,
    4,
    117,
    25,
    5,
    15,
    15,
    24,
    7,
    166,
    15,
    2,
    24,
    7,
    106,
    128,
    2,
    5,
    156
  ],
  [
    25,
    5,
    15,
    15,
    24,
    7,
    166,
    15,
    2,
    24,
    7,
    106,
    128,
    2,
    5,
    156,
    15,
    7,
    26,
    17,
    32,
    17,
    136,
    24,
    6,
    24,
    6,
    57,
    95,
    2,
    6,
    111,
    59,
    12,
    34,
    26,
    131,
    13,
    170,
    38,
    7,
    82,
    2,
    6,
    18,
    2,
    6,
    146,
    17,
    5,
    42,
    23,
    60,
    24,
    143,
    45,
    7,
    127,
    7,
    6,
    16,
    2,
    5,
    72,
    43,
    15,
    44,
    26,
    87,
    8,
    6,
    15,
    6,
    64,
    7,
    5,
    38,
    2,
    6,
    76,
    110,
    20,
    60,
    24,
    82,
    7,
    6,
    27,
    5,
    75,
    16,
    6,
    30,
    2,
    6,
    177,
    112,
    24,
    87,
    162,
    38,
    7,
    28,
    27,
    6,
    167,
    5,
    6,
    2,
    2,
    2,
    2,
    112,
    24,
    83,
    175,
    24,
    12,
    106,
    48,
    6,
    164,
    12,
    6,
    6,
    2,
    2,
    2,
    25,
    24,
    81,
    120,
    64,
    16,
    82,
    25,
    6,
    69,
    17,
    6,
    16,
    2,
    2,
    2,
    37,
    38,
    86,
    79,
    71,
    7,
    54,
    169,
    12,
    171,
    16,
    16,
    16,
    2,
    2,
    2,
    113,
    34,
    77,
    16,
    28,
    22,
    85,
    176,
    17,
    16,
    6,
    24,
    135,
    6,
    2,
    6,
    33,
    24,
    102,
    16,
    15,
    20,
    105,
    109,
    7,
    2,
    2,
    50,
    150,
    16,
    2,
    5,
    139,
    31,
    100,
    15,
    27,
    58,
    173,
    26,
    2,
    2,
    6,
    41,
    73,
    7,
    2,
    21,
    73,
    50,
    129,
    17,
    28,
    86,
    174,
    15,
    2,
    2,
    6,
    32,
    50,
    7,
    2,
    35,
    59,
    45,
    123,
    16,
    12,
    15,
    43,
    12,
    2,
    5,
    6,
    65,
    48,
    2,
    2,
    26,
    31,
    16,
    62,
    15,
    24,
    7,
    150,
    16,
    2,
    2,
    7,
    71,
    138,
    2,
    4,
    117
  ],
  [
    31,
    16,
    62,
    15,
    24,
    7,
    150,
    16,
    2,
    2,
    7,
    71,
    138,
    2,
    4,
    117,
    25,
    5,
    15,
    15,
    24,
    7,
    166,
    15,
    2,
    24,
    7,
    106,
    128,
    2,
    5,
    156,
    15,
    7,
    26,
    17,
    32,
    17,
    136,
    24,
    6,
    24,
    6,
    57,
    95,
    2,
    6,
    111,
    59,
    12,
    34,
    26,
    131,
    13,
    170,
    38,
    7,
    82,
    2,
    6,
    18,
    2,
    6,
    146,
    17,
    5,
    42,
    23,
    60,
    24,
    143,
    45,
    7,
    127,
    7,
    6,
    16,
    2,
    5,
    72,
    43,
    15,
    44,
    26,
    87,
    8,
    6,
    15,
    6,
    64,
    7,
    5,
    38,
    2,
    6,
    76,
    110,
    20,
    60,
    24,
    82,
    7,
    6,
    27,
    5,
    75,
    16,
    6,
    30,
    2,
    6,
    177,
    112,
    24,
    87,
    162,
    38,
    7,
    28,
    27,
    6,
    167,
    5,
    6,
    2,
    2,
    2,
    2,
    112,
    24,
    83,
    175,
    24,
    12,
    106,
    48,
    6,
    164,
    12,
    6,
    6,
    2,
    2,
    2,
    25,
    24,
    81,
    120,
    64,
    16,
    82,
    25,
    6,
    69,
    17,
    6,
    16,
    2,
    2,
    2,
    37,
    38,
    86,
    79,
    71,
    7,
    54,
    169,
    12,
    171,
    16,
    16,
    16,
    2,
    2,
    2,
    113,
    34,
    77,
    16,
    28,
    22,
    85,
    176,
    17,
    16,
    6,
    24,
    135,
    6,
    2,
    6,
    33,
    24,
    102,
    16,
    15,
    20,
    105,
    109,
    7,
    2,
    2,
    50,
    150,
    16,
    2,
    5,
    139,
    31,
    100,
    15,
    27,
    58,
    173,
    26,
    2,
    2,
    6,
    41,
    73,
    7,
    2,
    21,
    73,
    50,
    129,
    17,
    28,
    86,
    174,
    15,
    2,
    2,
    6,
    32,
    50,
    7,
    2,
    35,
    59,
    45,
    123,
    16,
    12,
    15,
    43,
    12,
    2,
    5,
    6,
    65,
    48,
    2,
    2,
    26
  ],
  [
    59,
    45,
    123,
    16,
    12,
    15,
    43,
    12,
    2,
    5,
    6,
    65,
    48,
    2,
    2,
    26,
    31,
    16,
    62,
    15,
    24,
    7,
    150,
    16,
    2,
    2,
    7,
    71,
    138,
    2,
    4,
    117,
    25,
    5,
    15,
    15,
    24,
    7,
    166,
    15,
    2,
    24,
    7,
    106,
    128,
    2,
    5,
    156,
    15,
    7,
    26,
    17,
    32,
    17,
    136,
    24,
    6,
    24,
    6,
    57,
    95,
    2,
    6,
    111,
    59,
    12,
    34,
    26,
    131,
    13,
    170,
    38,
    7,
    82,
    2,
    6,
    18,
    2,
    6,
    146,
    17,
    5,
    42,
    23,
    60,
    24,
    143,
    45,
    7,
    127,
    7,
    6,
    16,
    2,
    5,
    72,
    43,
    15,
    44,
    26,
    87,
    8,
    6,
    15,
    6,
    64,
    7,
    5,
    38,
    2,
    6,
    76,
    110,
    20,
    60,
    24,
    82,
    7,
    6,
    27,
    5,
    75,
    16,
    6,
    30,
    2,
    6,
    177,
    112,
    24,
    87,
    162,
    38,
    7,
    28,
    27,
    6,
    167,
    5,
    6,
    2,
    2,
    2,
    2,
    112,
    24,
    83,
    175,
    24,
    12,
    106,
    48,
    6,
    164,
    12,
    6,
    6,
    2,
    2,
    2,
    25,
    24,
    81,
    120,
    64,
    16,
    82,
    25,
    6,
    69,
    17,
    6,
    16,
    2,
    2,
    2,
    37,
    38,
    86,
    79,
    71,
    7,
    54,
    169,
    12,
    171,
    16,
    16,
    16,
    2,
    2,
    2,
    113,
    34,
    77,
    16,
    28,
    22,
    85,
    176,
    17,
    16,
    6,
    24,
    135,
    6,
    2,
    6,
    33,
    24,
    102,
    16,
    15,
    20,
    105,
    109,
    7,
    2,
    2,
    50,
    150,
    16,
    2,
    5,
    139,
    31,
    100,
    15,
    27,
    58,
    173,
    26,
    2,
    2,
    6,
    41,
    73,
    7,
    2,
    21,
    73,
    50,
    129,
    17,
    28,
    86,
    174,
    15,
    2,
    2,
    6,
    32,
    50,
    7,
    2,
    35
  ],
  [
    73,
    50,
    129,
    17,
    28,
    86,
    174,
    15,
    2,
    2,
    6,
    32,
    50,
    7,
    2,
    35,
    59,
    45,
    123,
    16,
    12,
    15,
    43,
    12,
    2,
    5,
    6,
    65,
    48,
    2,
    2,
    26,
    31,
    16,
    62,
    15,
    24,
    7,
    150,
    16,
    2,
    2,
    7,
    71,
    138,
    2,
    4,
    117,
    25,
    5,
    15,
    15,
    24,
    7,
    166,
    15,
    2,
    24,
    7,
    106,
    128,
    2,
    5,
    156,
    15,
    7,
    26,
    17,
    32,
    17,
    136,
    24,
    6,
    24,
    6,
    57,
    95,
    2,
    6,
    111,
    59,
    12,
    34,
    26,
    131,
    13,
    170,
    38,
    7,
    82,
    2,
    6,
    18,
    2,
    6,
    146,
    17,
    5,
    42,
    23,
    60,
    24,
    143,
    45,
    7,
    127,
    7,
    6,
    16,
    2,
    5,
    72,
    43,
    15,
    44,
    26,
    87,
    8,
    6,
    15,
    6,
    64,
    7,
    5,
    38,
    2,
    6,
    76,
    110,
    20,
    60,
    24,
    82,
    7,
    6,
    27,
    5,
    75,
    16,
    6,
    30,
    2,
    6,
    177,
    112,
    24,
    87,
    162,
    38,
    7,
    28,
    27,
    6,
    167,
    5,
    6,
    2,
    2,
    2,
    2,
    112,
    24,
    83,
    175,
    24,
    12,
    106,
    48,
    6,
    164,
    12,
    6,
    6,
    2,
    2,
    2,
    25,
    24,
    81,
    120,
    64,
    16,
    82,
    25,
    6,
    69,
    17,
    6,
    16,
    2,
    2,
    2,
    37,
    38,
    86,
    79,
    71,
    7,
    54,
    169,
    12,
    171,
    16,
    16,
    16,
    2,
    2,
    2,
    113,
    34,
    77,
    16,
    28,
    22,
    85,
    176,
    17,
    16,
    6,
    24,
    135,
    6,
    2,
    6,
    33,
    24,
    102,
    16,
    15,
    20,
    105,
    109,
    7,
    2,
    2,
    50,
    150,
    16,
    2,
    5,
    139,
    31,
    100,
    15,
    27,
    58,
    173,
    26,
    2,
    2,
    6,
    41,
    73,
    7,
    2,
    21
  ],
  [
    139,
    31,
    100,
    15,
    27,
    58,
    173,
    26,
    2,
    2,
    6,
    41,
    73,
    7,
    2,
    21,
    73,
    50,
    129,
    17,
    28,
    86,
    174,
    15,
    2,
    2,
    6,
    32,
    50,
    7,
    2,
    35,
    59,
    45,
    123,
    16,
    12,
    15,
    43,
    12,
    2,
    5,
    6,
    65,
    48,
    2,
    2,
    26,
    31,
    16,
    62,
    15,
    24,
    7,
    150,
    16,
    2,
    2,
    7,
    71,
    138,
    2,
    4,
    117,
    25,
    5,
    15,
    15,
    24,
    7,
    166,
    15,
    2,
    24,
    7,
    106,
    128,
    2,
    5,
    156,
    15,
    7,
    26,
    17,
    32,
    17,
    136,
    24,
    6,
    24,
    6,
    57,
    95,
    2,
    6,
    111,
    59,
    12,
    34,
    26,
    131,
    13,
    170,
    38,
    7,
    82,
    2,
    6,
    18,
    2,
    6,
    146,
    17,
    5,
    42,
    23,
    60,
    24,
    143,
    45,
    7,
    127,
    7,
    6,
    16,
    2,
    5,
    72,
    43,
    15,
    44,
    26,
    87,
    8,
    6,
    15,
    6,
    64,
    7,
    5,
    38,
    2,
    6,
    76,
    110,
    20,
    60,
    24,
    82,
    7,
    6,
    27,
    5,
    75,
    16,
    6,
    30,
    2,
    6,
    177,
    112,
    24,
    87,
    162,
    38,
    7,
    28,
    27,
    6,
    167,
    5,
    6,
    2,
    2,
    2,
    2,
    112,
    24,
    83,
    175,
    24,
    12,
    106,
    48,
    6,
    164,
    12,
    6,
    6,
    2,
    2,
    2,
    25,
    24,
    81,
    120,
    64,
    16,
    82,
    25,
    6,
    69,
    17,
    6,
    16,
    2,
    2,
    2,
    37,
    38,
    86,
    79,
    71,
    7,
    54,
    169,
    12,
    171,
    16,
    16,
    16,
    2,
    2,
    2,
    113,
    34,
    77,
    16,
    28,
    22,
    85,
    176,
    17,
    16,
    6,
    24,
    135,
    6,
    2,
    6,
    33,
    24,
    102,
    16,
    15,
    20,
    105,
    109,
    7,
    2,
    2,
    50,
    150,
    16,
    2,
    5
  ],
  [
    33,
    24,
    102,
    16,
    15,
    20,
    105,
    109,
    7,
    2,
    2,
    50,
    150,
    16,
    2,
    5,
    139,
    31,
    100,
    15,
    27,
    58,
    173,
    26,
    2,
    2,
    6,
    41,
    73,
    7,
    2,
    21,
    73,
    50,
    129,
    17,
    28,
    86,
    174,
    15,
    2,
    2,
    6,
    32,
    50,
    7,
    2,
    35,
    59,
    45,
    123,
    16,
    12,
    15,
    43,
    12,
    2,
    5,
    6,
    65,
    48,
    2,
    2,
    26,
    31,
    16,
    62,
    15,
    24,
    7,
    150,
    16,
    2,
    2,
    7,
    71,
    138,
    2,
    4,
    117,
    25,
    5,
    15,
    15,
    24,
    7,
    166,
    15,
    2,
    24,
    7,
    106,
    128,
    2,
    5,
    156,
    15,
    7,
    26,
    17,
    32,
    17,
    136,
    24,
    6,
    24,
    6,
    57,
    95,
    2,
    6,
    111,
    59,
    12,
    34,
    26,
    131,
    13,
    170,
    38,
    7,
    82,
    2,
    6,
    18,
    2,
    6,
    146,
    17,
    5,
    42,
    23,
    60,
    24,
    143,
    45,
    7,
    127,
    7,
    6,
    16,
    2,
    5,
    72,
    43,
    15,
    44,
    26,
    87,
    8,
    6,
    15,
    6,
    64,
    7,
    5,
    38,
    2,
    6,
    76,
    110,
    20,
    60,
    24,
    82,
    7,
    6,
    27,
    5,
    75,
    16,
    6,
    30,
    2,
    6,
    177,
    112,
    24,
    87,
    162,
    38,
    7,
    28,
    27,
    6,
    167,
    5,
    6,
    2,
    2,
    2,
    2,
    112,
    24,
    83,
    175,
    24,
    12,
    106,
    48,
    6,
    164,
    12,
    6,
    6,
    2,
    2,
    2,
    25,
    24,
    81,
    120,
    64,
    16,
    82,
    25,
    6,
    69,
    17,
    6,
    16,
    2,
    2,
    2,
    37,
    38,
    86,
    79,
    71,
    7,
    54,
    169,
    12,
    171,
    16,
    16,
    16,
    2,
    2,
    2,
    113,
    34,
    77,
    16,
    28,
    22,
    85,
    176,
    17,
    16,
    6,
    24,
    135,
    6,
    2,
    6
  ],
  [
    113,
    34,
    77,
    16,
    28,
    22,
    85,
    176,
    17,
    16,
    6,
    24,
    135,
    6,
    2,
    6,
    33,
    24,
    102,
    16,
    15,
    20,
    105,
    109,
    7,
    2,
    2,
    50,
    150,
    16,
    2,
    5,
    139,
    31,
    100,
    15,
    27,
    58,
    173,
    26,
    2,
    2,
    6,
    41,
    73,
    7,
    2,
    21,
    73,
    50,
    129,
    17,
    28,
    86,
    174,
    15,
    2,
    2,
    6,
    32,
    50,
    7,
    2,
    35,
    59,
    45,
    123,
    16,
    12,
    15,
    43,
    12,
    2,
    5,
    6,
    65,
    48,
    2,
    2,
    26,
    31,
    16,
    62,
    15,
    24,
    7,
    150,
    16,
    2,
    2,
    7,
    71,
    138,
    2,
    4,
    117,
    25,
    5,
    15,
    15,
    24,
    7,
    166,
    15,
    2,
    24,
    7,
    106,
    128,
    2,
    5,
    156,
    15,
    7,
    26,
    17,
    32,
    17,
    136,
    24,
    6,
    24,
    6,
    57,
    95,
    2,
    6,
    111,
    59,
    12,
    34,
    26,
    131,
    13,
    170,
    38,
    7,
    82,
    2,
    6,
    18,
    2,
    6,
    146,
    17,
    5,
    42,
    23,
    60,
    24,
    143,
    45,
    7,
    127,
    7,
    6,
    16,
    2,
    5,
    72,
    43,
    15,
    44,
    26,
    87,
    8,
    6,
    15,
    6,
    64,
    7,
    5,
    38,
    2,
    6,
    76,
    110,
    20,
    60,
    24,
    82,
    7,
    6,
    27,
    5,
    75,
    16,
    6,
    30,
    2,
    6,
    177,
    112,
    24,
    87,
    162,
    38,
    7,
    28,
    27,
    6,
    167,
    5,
    6,
    2,
    2,
    2,
    2,
    112,
    24,
    83,
    175,
    24,
    12,
    106,
    48,
    6,
    164,
    12,
    6,
    6,
    2,
    2,
    2,
    25,
    24,
    81,
    120,
    64,
    16,
    82,
    25,
    6,
    69,
    17,
    6,
    16,
    2,
    2,
    2,
    37,
    38,
    86,
    79,
    71,
    7,
    54,
    169,
    12,
    171,
    16,
    16,
    16,
    2,
    2,
    2
  ],
  [
    37,
    38,
    86,
    79,
    71,
    7,
    54,
    169,
    12,
    171,
    16,
    16,
    16,
    2,
    2,
    2,
    113,
    34,
    77,
    16,
    28,
    22,
    85,
    176,
    17,
    16,
    6,
    24,
    135,
    6,
    2,
    6,
    33,
    24,
    102,
    16,
    15,
    20,
    105,
    109,
    7,
    2,
    2,
    50,
    150,
    16,
    2,
    5,
    139,
    31,
    100,
    15,
    27,
    58,
    173,
    26,
    2,
    2,
    6,
    41,
    73,
    7,
    2,
    21,
    73,
    50,
    129,
    17,
    28,
    86,
    174,
    15,
    2,
    2,
    6,
    32,
    50,
    7,
    2,
    35,
    59,
    45,
    123,
    16,
    12,
    15,
    43,
    12,
    2,
    5,
    6,
    65,
    48,
    2,
    2,
    26,
    31,
    16,
    62,
    15,
    24,
    7,
    150,
    16,
    2,
    2,
    7,
    71,
    138,
    2,
    4,
    117,
    25,
    5,
    15,
    15,
    24,
    7,
    166,
    15,
    2,
    24,
    7,
    106,
    128,
    2,
    5,
    156,
    15,
    7,
    26,
    17,
    32,
    17,
    136,
    24,
    6,
    24,
    6,
    57,
    95,
    2,
    6,
    111,
    59,
    12,
    34,
    26,
    131,
    13,
    170,
    38,
    7,
    82,
    2,
    6,
    18,
    2,
    6,
    146,
    17,
    5,
    42,
    23,
    60,
    24,
    143,
    45,
    7,
    127,
    7,
    6,
    16,
    2,
    5,
    72,
    43,
    15,
    44,
    26,
    87,
    8,
    6,
    15,
    6,
    64,
    7,
    5,
    38,
    2,
    6,
    76,
    110,
    20,
    60,
    24,
    82,
    7,
    6,
    27,
    5,
    75,
    16,
    6,
    30,
    2,
    6,
    177,
    112,
    24,
    87,
    162,
    38,
    7,
    28,
    27,
    6,
    167,
    5,
    6,
    2,
    2,
    2,
    2,
    112,
    24,
    83,
    175,
    24,
    12,
    106,
    48,
    6,
    164,
    12,
    6,
    6,
    2,
    2,
    2,
    25,
    24,
    81,
    120,
    64,
    16,
    82,
    25,
    6,
    69,
    17,
    6,
    16,
    2,
    2,
    2
  ],
  [
    25,
    24,
    81,
    120,
    64,
    16,
    82,
    25,
    6,
    69,
    17,
    6,
    16,
    2,
    2,
    2,
    37,
    38,
    86,
    79,
    71,
    7,
    54,
    169,
    12,
    171,
    16,
    16,
    16,
    2,
    2,
    2,
    113,
    34,
    77,
    16,
    28,
    22,
    85,
    176,
    17,
    16,
    6,
    24,
    135,
    6,
    2,
    6,
    33,
    24,
    102,
    16,
    15,
    20,
    105,
    109,
    7,
    2,
    2,
    50,
    150,
    16,
    2,
    5,
    139,
    31,
    100,
    15,
    27,
    58,
    173,
    26,
    2,
    2,
    6,
    41,
    73,
    7,
    2,
    21,
    73,
    50,
    129,
    17,
    28,
    86,
    174,
    15,
    2,
    2,
    6,
    32,
    50,
    7,
    2,
    35,
    59,
    45,
    123,
    16,
    12,
    15,
    43,
    12,
    2,
    5,
    6,
    65,
    48,
    2,
    2,
    26,
    31,
    16,
    62,
    15,
    24,
    7,
    150,
    16,
    2,
    2,
    7,
    71,
    138,
    2,
    4,
    117,
    25,
    5,
    15,
    15,
    24,
    7,
    166,
    15,
    2,
    24,
    7,
    106,
    128,
    2,
    5,
    156,
    15,
    7,
    26,
    17,
    32,
    17,
    136,
    24,
    6,
    24,
    6,
    57,
    95,
    2,
    6,
    111,
    59,
    12,
    34,
    26,
    131,
    13,
    170,
    38,
    7,
    82,
    2,
    6,
    18,
    2,
    6,
    146,
    17,
    5,
    42,
    23,
    60,
    24,
    143,
    45,
    7,
    127,
    7,
    6,
    16,
    2,
    5,
    72,
    43,
    15,
    44,
    26,
    87,
    8,
    6,
    15,
    6,
    64,
    7,
    5,
    38,
    2,
    6,
    76,
    110,
    20,
    60,
    24,
    82,
    7,
    6,
    27,
    5,
    75,
    16,
    6,
    30,
    2,
    6,
    177,
    112,
    24,
    87,
    162,
    38,
    7,
    28,
    27,
    6,
    167,
    5,
    6,
    2,
    2,
    2,
    2,
    112,
    24,
    83,
    175,
    24,
    12,
    106,
    48,
    6,
    164,
    12,
    6,
    6,
    2,
    2,
    2
  ],
  [
    112,
    24,
    83,
    175,
    24,
    12,
    106,
    48,
    6,
    164,
    12,
    6,
    6,
    2,
    2,
    2,
    25,
    24,
    81,
    120,
    64,
    16,
    82,
    25,
    6,
    69,
    17,
    6,
    16,
    2,
    2,
    2,
    37,
    38,
    86,
    79,
    71,
    7,
    54,
    169,
    12,
    171,
    16,
    16,
    16,
    2,
    2,
    2,
    113,
    34,
    77,
    16,
    28,
    22,
    85,
    176,
    17,
    16,
    6,
    24,
    135,
    6,
    2,
    6,
    33,
    24,
    102,
    16,
    15,
    20,
    105,
    109,
    7,
    2,
    2,
    50,
    150,
    16,
    2,
    5,
    139,
    31,
    100,
    15,
    27,
    58,
    173,
    26,
    2,
    2,
    6,
    41,
    73,
    7,
    2,
    21,
    73,
    50,
    129,
    17,
    28,
    86,
    174,
    15,
    2,
    2,
    6,
    32,
    50,
    7,
    2,
    35,
    59,
    45,
    123,
    16,
    12,
    15,
    43,
    12,
    2,
    5,
    6,
    65,
    48,
    2,
    2,
    26,
    31,
    16,
    62,
    15,
    24,
    7,
    150,
    16,
    2,
    2,
    7,
    71,
    138,
    2,
    4,
    117,
    25,
    5,
    15,
    15,
    24,
    7,
    166,
    15,
    2,
    24,
    7,
    106,
    128,
    2,
    5,
    156,
    15,
    7,
    26,
    17,
    32,
    17,
    136,
    24,
    6,
    24,
    6,
    57,
    95,
    2,
    6,
    111,
    59,
    12,
    34,
    26,
    131,
    13,
    170,
    38,
    7,
    82,
    2,
    6,
    18,
    2,
    6,
    146,
    17,
    5,
    42,
    23,
    60,
    24,
    143,
    45,
    7,
    127,
    7,
    6,
    16,
    2,
    5,
    72,
    43,
    15,
    44,
    26,
    87,
    8,
    6,
    15,
    6,
    64,
    7,
    5,
    38,
    2,
    6,
    76,
    110,
    20,
    60,
    24,
    82,
    7,
    6,
    27,
    5,
    75,
    16,
    6,
    30,
    2,
    6,
    177,
    112,
    24,
    87,
    162,
    38,
    7,
    28,
    27,
    6,
    167,
    5,
    6,
    2,
    2,
    2,
    2
  ]
]