[
  0,
  657930,
  1123626,
  927534,
  666163,
  1325626,
  1196354,
  1002060,
  1526596,
  1464142,
  2122321,
  1336923,
  2192222,
  3441243,
  2263406,
  3841131,
  6598254,
  11447982,
  4373631,
  7787138,
  13816530,
  9240475,
  16777215,
  0,
  0,
  0,
  0,
  0,
  0,
  0,
  0,
  0
]

[
  [
    0,
    80,
    6,
    1,
    9,
    1,
    12,
    1,
    15,
    1,
    19,
    1,
    20,
    1,
    0,
    3,
    3,
    1,
    6,
    1,
    9,
    1,
    12,
    1,
    15,
    1,
    19,
    1,
    20,
    1,
    9,
    1,
    12,
    1,
    15,
    1,
    19,
    1,
    20,
    1,
    19,
    1,
    20,
    1,
    0,
    1,
    3,
    1,
    6,
    1,
    9,
    1,
    12,
    1,
    15,
    1,
    19,
    1,
    20,
    1,
    19,
    1,
    12,
    1,
    15,
    1,
    19,
    1,
    20,
    1,
    12,
    1,
    15,
    1,
    19,
    1,
    20,
    1,
    6,
    1,
    9,
    1,
    12,
    1,
    15,
    1,
    19,
    1,
    20,
    1,
    12,
    1,
    15,
    2,
    19,
    1,
    20,
    1,
    6,
    1,
    9,
    1,
    12,
    1,
    15,
    1,
    19,
    1,
    20,
    1,
    12,
    1,
    15,
    1,
    19,
    1,
    20,
    1,
    6,
    1,
    9,
    1,
    12,
    1,
    19,
    1,
    20,
    1,
    0,
    1,
    3,
    1,
    6,
    1,
    9,
    1,
    12,
    1,
    15,
    1,
    19,
    1,
    20,
    1,
    19,
    1,
    20,
    1,
    0,
    1,
    3,
    1,
    6,
    1,
    9,
    1,
    20,
    1,
    0,
    3,
    3,
    1,
    6,
    1,
    9,
    1,
    12,
    1,
    15,
    1,
    19,
    1,
    20,
    1,
    0,
    3,
    3,
    1,
    6,
    1,
    0,
    80
  ],
  [
    0,
    80,
    3,
    1,
    6,
    1,
    9,
    1,
    12,
    1,
    15,
    1,
    19,
    1,
    20,
    1,
    0,
    3,
    3,
    1,
    6,
    1,
    9,
    1,
    12,
    1,
    15,
    1,
    19,
    1,
    6,
    1,
    9,
    1,
    12,
    1,
    15,
    1,
    19,
    1,
    20,
    1,
    19,
    1,
    20,
    1,
    0,
    1,
    3,
    1,
    6,
    1,
    9,
    1,
    12,
    1,
    15,
    1,
    19,
    1,
    20,
    1,
    9,
    1,
    12,
    1,
    15,
    1,
    19,
    1,
    20,
    1,
    12,
    1,
    15,
    1,
    19,
    1,
    20,
    1,
    6,
    1,
    9,
    1,
    12,
    1,
    15,
    1,
    19,
    1,
    20,
    1,
    12,
    2,
    15,
    1,
    19,
    1,
    20,
    1,
    6,
    1,
    9,
    1,
    12,
    1,
    15,
    1,
    19,
    1,
    20,
    1,
    12,
    1,
    15,
    1,
    19,
    1,
    20,
    1,
    6,
    1,
    9,
    1,
    20,
    1,
    19,
    1,
    20,
    1,
    0,
    1,
    3,
    1,
    6,
    1,
    9,
    1,
    12,
    1,
    15,
    1,
    19,
    1,
    20,
    1,
    19,
    1,
    20,
    1,
    0,
    1,
    3,
    1,
    6,
    1,
    19,
    1,
    20,
    1,
    0,
    3,
    3,
    1,
    6,
    1,
    9,
    1,
    12,
    1,
    15,
    1,
    19,
    1,
    20,
    1,
    0,
    3,
    3,
    1,
    0,
    80
  ],
  [
    0,
    81,
    3,
    1,
    6,
    1,
    9,
    1,
    12,
    1,
    15,
    1,
    19,
    1,
    20,
    1,
    0,
    3,
    3,
    1,
    6,
    1,
    9,
    1,
    12,
    1,
    15,
    1,
    3,
    1,
    6,
    1,
    9,
    1,
    12,
    1,
    15,
    1,
    19,
    1,
    20,
    1,
    19,
    1,
    20,
    1,
    0,
    1,
    3,
    1,
    6,
    1,
    9,
    1,
    12,
    1,
    15,
    1,
    19,
    1,
    6,
    1,
    9,
    1,
    12,
    1,
    15,
    1,
    19,
    1,
    20,
    1,
    12,
    1,
    15,
    1,
    19,
    1,
    20,
    1,
    6,
    1,
    9,
    1,
    12,
    1,
    15,
    1,
    19,
    1,
    20,
    2,
    12,
    1,
    15,
    1,
    19,
    1,
    20,
    1,
    6,
    1,
    9,
    1,
    12,
    1,
    15,
    1,
    19,
    1,
    20,
    1,
    12,
    1,
    15,
    1,
    19,
    1,
    20,
    1,
    6,
    1,
    19,
    1,
    20,
    1,
    19,
    1,
    20,
    1,
    0,
    1,
    3,
    1,
    6,
    1,
    9,
    1,
    12,
    1,
    15,
    1,
    19,
    1,
    20,
    1,
    19,
    1,
    20,
    1,
    0,
    1,
    3,
    1,
    15,
    1,
    19,
    1,
    20,
    1,
    0,
    3,
    3,
    1,
    6,
    1,
    9,
    1,
    12,
    1,
    15,
    1,
    19,
    1,
    20,
    1,
    0,
    83
  ],
  [
    0,
    82,
    3,
    1,
    6,
    1,
    9,
    1,
    12,
    1,
    15,
    1,
    19,
    1,
    20,
    1,
    0,
    3,
    3,
    1,
    6,
    1,
    9,
    1,
    12,
    1,
    0,
    1,
    3,
    1,
    6,
    1,
    9,
    1,
    12,
    1,
    15,
    1,
    19,
    1,
    20,
    1,
    19,
    1,
    20,
    1,
    0,
    1,
    3,
    1,
    6,
    1,
    9,
    1,
    12,
    1,
    15,
    1,
    20,
    1,
    6,
    1,
    9,
    1,
    12,
    1,
    15,
    1,
    19,
    1,
    20,
    1,
    12,
    1,
    15,
    1,
    19,
    1,
    20,
    1,
    6,
    1,
    9,
    1,
    12,
    1,
    15,
    1,
    19,
    2,
    20,
    1,
    12,
    1,
    15,
    1,
    19,
    1,
    20,
    1,
    6,
    1,
    9,
    1,
    12,
    1,
    15,
    1,
    19,
    1,
    20,
    1,
    12,
    1,
    15,
    1,
    19,
    1,
    20,
    1,
    15,
    1,
    19,
    1,
    20,
    1,
    19,
    1,
    20,
    1,
    0,
    1,
    3,
    1,
    6,
    1,
    9,
    1,
    12,
    1,
    15,
    1,
    19,
    1,
    20,
    1,
    19,
    1,
    20,
    1,
    0,
    1,
    12,
    1,
    15,
    1,
    19,
    1,
    20,
    1,
    0,
    3,
    3,
    1,
    6,
    1,
    9,
    1,
    12,
    1,
    15,
    1,
    19,
    1,
    20,
    1,
    0,
    82
  ],
  [
    0,
    83,
    3,
    1,
    6,
    1,
    9,
    1,
    12,
    1,
    15,
    1,
    19,
    1,
    20,
    1,
    0,
    3,
    3,
    1,
    6,
    1,
    9,
    1,
    20,
    1,
    0,
    1,
    3,
    1,
    6,
    1,
    9,
    1,
    12,
    1,
    15,
    1,
    19,
    1,
    20,
    1,
    19,
    1,
    20,
    1,
    0,
    1,
    3,
    1,
    6,
    1,
    9,
    1,
    12,
    1,
    19,
    1,
    20,
    1,
    6,
    1,
    9,
    1,
    12,
    1,
    15,
    1,
    19,
    1,
    20,
    1,
    12,
    1,
    15,
    1,
    19,
    1,
    20,
    1,
    6,
    1,
    9,
    1,
    12,
    1,
    15,
    2,
    19,
    1,
    20,
    1,
    12,
    1,
    15,
    1,
    19,
    1,
    20,
    1,
    6,
    1,
    9,
    1,
    12,
    1,
    15,
    1,
    19,
    1,
    20,
    1,
    12,
    1,
    15,
    1,
    19,
    1,
    12,
    1,
    15,
    1,
    19,
    1,
    20,
    1,
    19,
    1,
    20,
    1,
    0,
    1,
    3,
    1,
    6,
    1,
    9,
    1,
    12,
    1,
    15,
    1,
    19,
    1,
    20,
    1,
    19,
    1,
    20,
    1,
    9,
    1,
    12,
    1,
    15,
    1,
    19,
    1,
    20,
    1,
    0,
    3,
    3,
    1,
    6,
    1,
    9,
    1,
    12,
    1,
    15,
    1,
    19,
    1,
    20,
    1,
    0,
    81
  ],
  [
    0,
    80,
    20,
    1,
    0,
    3,
    3,
    1,
    6,
    1,
    9,
    1,
    12,
    1,
    15,
    1,
    19,
    1,
    20,
    1,
    0,
    3,
    3,
    1,
    6,
    1,
    19,
    1,
    20,
    1,
    0,
    1,
    3,
    1,
    6,
    1,
    9,
    1,
    12,
    1,
    15,
    1,
    19,
    1,
    20,
    1,
    19,
    1,
    20,
    1,
    0,
    1,
    3,
    1,
    6,
    1,
    9,
    1,
    15,
    1,
    19,
    1,
    20,
    1,
    6,
    1,
    9,
    1,
    12,
    1,
    15,
    1,
    19,
    1,
    20,
    1,
    12,
    1,
    15,
    1,
    19,
    1,
    20,
    1,
    6,
    1,
    9,
    1,
    12,
    2,
    15,
    1,
    19,
    1,
    20,
    1,
    12,
    1,
    15,
    1,
    19,
    1,
    20,
    1,
    6,
    1,
    9,
    1,
    12,
    1,
    15,
    1,
    19,
    1,
    20,
    1,
    12,
    1,
    15,
    1,
    9,
    1,
    12,
    1,
    15,
    1,
    19,
    1,
    20,
    1,
    19,
    1,
    20,
    1,
    0,
    1,
    3,
    1,
    6,
    1,
    9,
    1,
    12,
    1,
    15,
    1,
    19,
    1,
    20,
    1,
    19,
    1,
    6,
    1,
    9,
    1,
    12,
    1,
    15,
    1,
    19,
    1,
    20,
    1,
    0,
    3,
    3,
    1,
    6,
    1,
    9,
    1,
    12,
    1,
    15,
    1,
    19,
    1,
    20,
    1,
    0,
    80
  ],
  [
    0,
    80,
    19,
    1,
    20,
    1,
    0,
    3,
    3,
    1,
    6,
    1,
    9,
    1,
    12,
    1,
    15,
    1,
    19,
    1,
    20,
    1,
    0,
    3,
    3,
    1,
    20,
    1,
    19,
    1,
    20,
    1,
    0,
    1,
    3,
    1,
    6,
    1,
    9,
    1,
    12,
    1,
    15,
    1,
    19,
    1,
    20,
    1,
    19,
    1,
    20,
    1,
    0,
    1,
    3,
    1,
    6,
    1,
    12,
    1,
    15,
    1,
    19,
    1,
    20,
    1,
    6,
    1,
    9,
    1,
    12,
    1,
    15,
    1,
    19,
    1,
    20,
    1,
    12,
    1,
    15,
    1,
    19,
    1,
    20,
    1,
    6,
    1,
    9,
    2,
    12,
    1,
    15,
    1,
    19,
    1,
    20,
    1,
    12,
    1,
    15,
    1,
    19,
    1,
    20,
    1,
    6,
    1,
    9,
    1,
    12,
    1,
    15,
    1,
    19,
    1,
    20,
    1,
    12,
    1,
    6,
    1,
    9,
    1,
    12,
    1,
    15,
    1,
    19,
    1,
    20,
    1,
    19,
    1,
    20,
    1,
    0,
    1,
    3,
    1,
    6,
    1,
    9,
    1,
    12,
    1,
    15,
    1,
    19,
    1,
    20,
    1,
    3,
    1,
    6,
    1,
    9,
    1,
    12,
    1,
    15,
    1,
    19,
    1,
    20,
    1,
    0,
    3,
    3,
    1,
    6,
    1,
    9,
    1,
    12,
    1,
    15,
    1,
    19,
    1,
    0,
    80
  ],
  [
    0,
    80,
    15,
    1,
    19,
    1,
    20,
    1,
    0,
    3,
    3,
    1,
    6,
    1,
    9,
    1,
    12,
    1,
    15,
    1,
    19,
    1,
    20,
    1,
    0,
    3,
    19,
    1,
    20,
    1,
    19,
    1,
    20,
    1,
    0,
    1,
    3,
    1,
    6,
    1,
    9,
    1,
    12,
    1,
    15,
    1,
    19,
    1,
    20,
    1,
    19,
    1,
    20,
    1,
    0,
    1,
    3,
    1,
    20,
    1,
    12,
    1,
    15,
    1,
    19,
    1,
    20,
    1,
    6,
    1,
    9,
    1,
    12,
    1,
    15,
    1,
    19,
    1,
    20,
    1,
    12,
    1,
    15,
    1,
    19,
    1,
    20,
    1,
    6,
    2,
    9,
    1,
    12,
    1,
    15,
    1,
    19,
    1,
    20,
    1,
    12,
    1,
    15,
    1,
    19,
    1,
    20,
    1,
    6,
    1,
    9,
    1,
    12,
    1,
    15,
    1,
    19,
    1,
    20,
    1,
    3,
    1,
    6,
    1,
    9,
    1,
    12,
    1,
    15,
    1,
    19,
    1,
    20,
    1,
    19,
    1,
    20,
    1,
    0,
    1,
    3,
    1,
    6,
    1,
    9,
    1,
    12,
    1,
    15,
    1,
    19,
    1,
    0,
    1,
    3,
    1,
    6,
    1,
    9,
    1,
    12,
    1,
    15,
    1,
    19,
    1,
    20,
    1,
    0,
    3,
    3,
    1,
    6,
    1,
    9,
    1,
    12,
    1,
    15,
    1,
    0,
    80
  ],
  [
    0,
    80,
    12,
    1,
    15,
    1,
    19,
    1,
    20,
    1,
    0,
    3,
    3,
    1,
    6,
    1,
    9,
    1,
    12,
    1,
    15,
    1,
    19,
    1,
    20,
    1,
    0,
    2,
    15,
    1,
    19,
    1,
    20,
    1,
    19,
    1,
    20,
    1,
    0,
    1,
    3,
    1,
    6,
    1,
    9,
    1,
    12,
    1,
    15,
    1,
    19,
    1,
    20,
    1,
    19,
    1,
    20,
    1,
    0,
    1,
    19,
    1,
    20,
    1,
    12,
    1,
    15,
    1,
    19,
    1,
    20,
    1,
    6,
    1,
    9,
    1,
    12,
    1,
    15,
    1,
    19,
    1,
    20,
    1,
    12,
    1,
    15,
    1,
    19,
    1,
    20,
    2,
    6,
    1,
    9,
    1,
    12,
    1,
    15,
    1,
    19,
    1,
    20,
    1,
    12,
    1,
    15,
    1,
    19,
    1,
    20,
    1,
    6,
    1,
    9,
    1,
    12,
    1,
    15,
    1,
    19,
    1,
    0,
    1,
    3,
    1,
    6,
    1,
    9,
    1,
    12,
    1,
    15,
    1,
    19,
    1,
    20,
    1,
    19,
    1,
    20,
    1,
    0,
    1,
    3,
    1,
    6,
    1,
    9,
    1,
    12,
    1,
    15,
    1,
    0,
    2,
    3,
    1,
    6,
    1,
    9,
    1,
    12,
    1,
    15,
    1,
    19,
    1,
    20,
    1,
    0,
    3,
    3,
    1,
    6,
    1,
    9,
    1,
    12,
    1,
    0,
    80
  ],
  [
    0,
    80,
    9,
    1,
    12,
    1,
    15,
    1,
    19,
    1,
    20,
    1,
    0,
    3,
    3,
    1,
    6,
    1,
    9,
    1,
    12,
    1,
    15,
    1,
    19,
    1,
    20,
    1,
    0,
    1,
    12,
    1,
    15,
    1,
    19,
    1,
    20,
    1,
    19,
    1,
    20,
    1,
    0,
    1,
    3,
    1,
    6,
    1,
    9,
    1,
    12,
    1,
    15,
    1,
    19,
    1,
    20,
    1,
    19,
    1,
    20,
    1,
    15,
    1,
    19,
    1,
    20,
    1,
    12,
    1,
    15,
    1,
    19,
    1,
    20,
    1,
    6,
    1,
    9,
    1,
    12,
    1,
    15,
    1,
    19,
    1,
    20,
    1,
    12,
    1,
    15,
    1,
    19,
    2,
    20,
    1,
    6,
    1,
    9,
    1,
    12,
    1,
    15,
    1,
    19,
    1,
    20,
    1,
    12,
    1,
    15,
    1,
    19,
    1,
    20,
    1,
    6,
    1,
    9,
    1,
    12,
    1,
    15,
    1,
    20,
    1,
    0,
    1,
    3,
    1,
    6,
    1,
    9,
    1,
    12,
    1,
    15,
    1,
    19,
    1,
    20,
    1,
    19,
    1,
    20,
    1,
    0,
    1,
    3,
    1,
    6,
    1,
    9,
    1,
    12,
    1,
    0,
    3,
    3,
    1,
    6,
    1,
    9,
    1,
    12,
    1,
    15,
    1,
    19,
    1,
    20,
    1,
    0,
    3,
    3,
    1,
    6,
    1,
    9,
    1,
    0,
    80
  ]
]